0.000000,0.510000
0.000000,0.519551
0.000000,0.529103
0.000000,0.538654
0.000000,0.548205
0.000000,0.557756
0.000000,0.567308
0.000000,0.576859
0.000000,0.586410
0.000000,0.595962
0.000000,0.605513
0.000000,0.615064
0.000000,0.624615
0.000000,0.634167
0.000000,0.643718
0.000000,0.653269
0.000000,0.662821
0.000000,0.672372
0.000000,0.681923
0.000000,0.691474
0.000000,0.701026
0.000000,0.710577
0.000000,0.720128
0.000000,0.729679
0.000000,0.739231
0.000000,0.748782
0.000000,0.758333
0.000000,0.767885
0.000000,0.777436
0.000000,0.786987
0.000000,0.796538
0.000000,0.806090
0.000000,0.815641
0.000000,0.825192
0.000000,0.834744
0.000000,0.844295
0.000000,0.853846
0.000000,0.863397
0.000000,0.872949
0.000000,0.882500
0.000000,0.892051
0.000000,0.901603
0.000000,0.911154
0.000000,0.920705
0.000000,0.930256
0.000000,0.939808
0.000000,0.949359
0.000000,0.958910
0.000000,0.968462
0.000000,0.978013
0.000000,0.987564
0.000000,0.997115
0.000000,1.006667
0.000000,1.016218
0.000000,1.025769
0.000000,1.035321
0.000000,1.044872
0.000000,1.054423
0.000000,1.063974
0.000000,1.073526
0.000000,1.083077
0.000000,1.092628
0.000000,1.102179
0.000000,1.111731
0.000000,1.121282
0.000000,1.130833
0.000000,1.140385
0.000000,1.149936
0.000000,1.159487
0.000000,1.169038
0.000000,1.178590
0.000000,1.188141
0.000000,1.197692
0.000000,1.207244
0.000000,1.216795
0.000000,1.226346
0.000000,1.235897
0.000000,1.245449
0.000000,1.255000
0.000000,1.264551
0.000000,1.274103
0.000000,1.283654
0.000000,1.293205
0.000000,1.302756
0.000000,1.312308
0.000000,1.321859
0.000000,1.331410
0.000000,1.340962
0.000000,1.350513
0.000000,1.360064
0.000000,1.369615
0.000000,1.379167
0.000000,1.388718
0.000000,1.398269
0.000000,1.407821
0.000000,1.417372
0.000000,1.426923
0.000000,1.436474
0.000000,1.446026
0.000000,1.455577
0.000000,1.465128
0.000000,1.474679
0.000000,1.484231
0.000000,1.493782
0.000000,1.503333
0.000000,1.512885
0.000000,1.522436
0.000000,1.531987
0.000000,1.541538
0.000000,1.551090
0.000000,1.560641
0.000000,1.570192
0.000000,1.579744
0.000000,1.589295
0.000000,1.598846
0.000000,1.608397
0.000000,1.617949
0.000000,1.627500
0.000000,1.637051
0.000000,1.646603
0.000000,1.656154
0.000000,1.665705
0.000000,1.675256
0.000000,1.684808
0.000000,1.694359
0.000000,1.703910
0.000000,1.713462
0.000000,1.723013
0.000000,1.732564
0.000000,1.742115
0.000000,1.751667
0.000000,1.761218
0.000000,1.770769
0.000000,1.780321
0.000000,1.789872
0.000000,1.799423
0.000000,1.808974
0.000000,1.818526
0.000000,1.828077
0.000000,1.837628
0.000000,1.847179
0.000000,1.856731
0.000000,1.866282
0.000000,1.875833
0.000000,1.885385
0.000000,1.894936
0.000000,1.904487
0.000000,1.914038
0.000000,1.923590
0.000000,1.933141
0.000000,1.942692
0.000000,1.952244
0.000000,1.961795
0.000000,1.971346
0.000000,1.980897
0.000000,1.990449
0.000000,2.000000
0.009574,2.000000
0.019149,2.000000
0.028723,2.000000
0.038298,2.000000
0.047872,2.000000
0.057447,2.000000
0.067021,2.000000
0.076596,2.000000
0.086170,2.000000
0.095745,2.000000
0.105319,2.000000
0.114894,2.000000
0.124468,2.000000
0.134043,2.000000
0.143617,2.000000
0.153191,2.000000
0.162766,2.000000
0.172340,2.000000
0.181915,2.000000
0.191489,2.000000
0.201064,2.000000
0.210638,2.000000
0.220213,2.000000
0.229787,2.000000
0.239362,2.000000
0.248936,2.000000
0.258511,2.000000
0.268085,2.000000
0.277660,2.000000
0.287234,2.000000
0.296809,2.000000
0.306383,2.000000
0.315957,2.000000
0.325532,2.000000
0.335106,2.000000
0.344681,2.000000
0.354255,2.000000
0.363830,2.000000
0.373404,2.000000
0.382979,2.000000
0.392553,2.000000
0.402128,2.000000
0.411702,2.000000
0.421277,2.000000
0.430851,2.000000
0.440426,2.000000
0.450000,2.000000
0.450000,1.990000
0.450000,1.980000
0.450000,1.970000
0.459600,1.970000
0.469200,1.970000
0.478800,1.970000
0.488400,1.970000
0.498000,1.970000
0.507600,1.970000
0.517200,1.970000
0.526800,1.970000
0.536400,1.970000
0.546000,1.970000
0.555600,1.970000
0.565200,1.970000
0.574800,1.970000
0.584400,1.970000
0.594000,1.970000
0.603600,1.970000
0.613200,1.970000
0.622800,1.970000
0.632400,1.970000
0.642000,1.970000
0.651600,1.970000
0.661200,1.970000
0.670800,1.970000
0.680400,1.970000
0.690000,1.970000
0.699600,1.970000
0.709200,1.970000
0.718800,1.970000
0.728400,1.970000
0.738000,1.970000
0.747600,1.970000
0.757200,1.970000
0.766800,1.970000
0.776400,1.970000
0.786000,1.970000
0.795600,1.970000
0.805200,1.970000
0.814800,1.970000
0.824400,1.970000
0.834000,1.970000
0.843600,1.970000
0.853200,1.970000
0.862800,1.970000
0.872400,1.970000
0.882000,1.970000
0.891600,1.970000
0.901200,1.970000
0.910800,1.970000
0.920400,1.970000
0.930000,1.970000
0.939600,1.970000
0.949200,1.970000
0.958800,1.970000
0.968400,1.970000
0.978000,1.970000
0.987600,1.970000
0.997200,1.970000
1.006800,1.970000
1.016400,1.970000
1.026000,1.970000
1.035600,1.970000
1.045200,1.970000
1.054800,1.970000
1.064400,1.970000
1.074000,1.970000
1.083600,1.970000
1.093200,1.970000
1.102800,1.970000
1.112400,1.970000
1.122000,1.970000
1.131600,1.970000
1.141200,1.970000
1.150800,1.970000
1.160400,1.970000
1.170000,1.970000
1.170000,1.980000
1.170000,1.990000
1.170000,2.000000
1.179565,2.000000
1.189130,2.000000
1.198696,2.000000
1.208261,2.000000
1.217826,2.000000
1.227391,2.000000
1.236957,2.000000
1.246522,2.000000
1.256087,2.000000
1.265652,2.000000
1.275217,2.000000
1.284783,2.000000
1.294348,2.000000
1.303913,2.000000
1.313478,2.000000
1.323043,2.000000
1.332609,2.000000
1.342174,2.000000
1.351739,2.000000
1.361304,2.000000
1.370870,2.000000
1.380435,2.000000
1.390000,2.000000
1.399565,2.000000
1.409130,2.000000
1.418696,2.000000
1.428261,2.000000
1.437826,2.000000
1.447391,2.000000
1.456957,2.000000
1.466522,2.000000
1.476087,2.000000
1.485652,2.000000
1.495217,2.000000
1.504783,2.000000
1.514348,2.000000
1.523913,2.000000
1.533478,2.000000
1.543043,2.000000
1.552609,2.000000
1.562174,2.000000
1.571739,2.000000
1.581304,2.000000
1.590870,2.000000
1.600435,2.000000
1.610000,2.000000
1.619565,2.000000
1.629130,2.000000
1.638696,2.000000
1.648261,2.000000
1.657826,2.000000
1.667391,2.000000
1.676957,2.000000
1.686522,2.000000
1.696087,2.000000
1.705652,2.000000
1.715217,2.000000
1.724783,2.000000
1.734348,2.000000
1.743913,2.000000
1.753478,2.000000
1.763043,2.000000
1.772609,2.000000
1.782174,2.000000
1.791739,2.000000
1.801304,2.000000
1.810870,2.000000
1.820435,2.000000
1.830000,2.000000
1.830000,1.990000
1.830000,1.980000
1.830000,1.970000
1.839600,1.970000
1.849200,1.970000
1.858800,1.970000
1.868400,1.970000
1.878000,1.970000
1.887600,1.970000
1.897200,1.970000
1.906800,1.970000
1.916400,1.970000
1.926000,1.970000
1.935600,1.970000
1.945200,1.970000
1.954800,1.970000
1.964400,1.970000
1.974000,1.970000
1.983600,1.970000
1.993200,1.970000
2.002800,1.970000
2.012400,1.970000
2.022000,1.970000
2.031600,1.970000
2.041200,1.970000
2.050800,1.970000
2.060400,1.970000
2.070000,1.970000
2.079600,1.970000
2.089200,1.970000
2.098800,1.970000
2.108400,1.970000
2.118000,1.970000
2.127600,1.970000
2.137200,1.970000
2.146800,1.970000
2.156400,1.970000
2.166000,1.970000
2.175600,1.970000
2.185200,1.970000
2.194800,1.970000
2.204400,1.970000
2.214000,1.970000
2.223600,1.970000
2.233200,1.970000
2.242800,1.970000
2.252400,1.970000
2.262000,1.970000
2.271600,1.970000
2.281200,1.970000
2.290800,1.970000
2.300400,1.970000
2.310000,1.970000
2.319600,1.970000
2.329200,1.970000
2.338800,1.970000
2.348400,1.970000
2.358000,1.970000
2.367600,1.970000
2.377200,1.970000
2.386800,1.970000
2.396400,1.970000
2.406000,1.970000
2.415600,1.970000
2.425200,1.970000
2.434800,1.970000
2.444400,1.970000
2.454000,1.970000
2.463600,1.970000
2.473200,1.970000
2.482800,1.970000
2.492400,1.970000
2.502000,1.970000
2.511600,1.970000
2.521200,1.970000
2.530800,1.970000
2.540400,1.970000
2.550000,1.970000
2.550000,1.980000
2.550000,1.990000
2.550000,2.000000
2.559574,2.000000
2.569149,2.000000
2.578723,2.000000
2.588298,2.000000
2.597872,2.000000
2.607447,2.000000
2.617021,2.000000
2.626596,2.000000
2.636170,2.000000
2.645745,2.000000
2.655319,2.000000
2.664894,2.000000
2.674468,2.000000
2.684043,2.000000
2.693617,2.000000
2.703191,2.000000
2.712766,2.000000
2.722340,2.000000
2.731915,2.000000
2.741489,2.000000
2.751064,2.000000
2.760638,2.000000
2.770213,2.000000
2.779787,2.000000
2.789362,2.000000
2.798936,2.000000
2.808511,2.000000
2.818085,2.000000
2.827660,2.000000
2.837234,2.000000
2.846809,2.000000
2.856383,2.000000
2.865957,2.000000
2.875532,2.000000
2.885106,2.000000
2.894681,2.000000
2.904255,2.000000
2.913830,2.000000
2.923404,2.000000
2.932979,2.000000
2.942553,2.000000
2.952128,2.000000
2.961702,2.000000
2.971277,2.000000
2.980851,2.000000
2.990426,2.000000
3.000000,2.000000
3.000000,1.990449
3.000000,1.980897
3.000000,1.971346
3.000000,1.961795
3.000000,1.952244
3.000000,1.942692
3.000000,1.933141
3.000000,1.923590
3.000000,1.914038
3.000000,1.904487
3.000000,1.894936
3.000000,1.885385
3.000000,1.875833
3.000000,1.866282
3.000000,1.856731
3.000000,1.847179
3.000000,1.837628
3.000000,1.828077
3.000000,1.818526
3.000000,1.808974
3.000000,1.799423
3.000000,1.789872
3.000000,1.780321
3.000000,1.770769
3.000000,1.761218
3.000000,1.751667
3.000000,1.742115
3.000000,1.732564
3.000000,1.723013
3.000000,1.713462
3.000000,1.703910
3.000000,1.694359
3.000000,1.684808
3.000000,1.675256
3.000000,1.665705
3.000000,1.656154
3.000000,1.646603
3.000000,1.637051
3.000000,1.627500
3.000000,1.617949
3.000000,1.608397
3.000000,1.598846
3.000000,1.589295
3.000000,1.579744
3.000000,1.570192
3.000000,1.560641
3.000000,1.551090
3.000000,1.541538
3.000000,1.531987
3.000000,1.522436
3.000000,1.512885
3.000000,1.503333
3.000000,1.493782
3.000000,1.484231
3.000000,1.474679
3.000000,1.465128
3.000000,1.455577
3.000000,1.446026
3.000000,1.436474
3.000000,1.426923
3.000000,1.417372
3.000000,1.407821
3.000000,1.398269
3.000000,1.388718
3.000000,1.379167
3.000000,1.369615
3.000000,1.360064
3.000000,1.350513
3.000000,1.340962
3.000000,1.331410
3.000000,1.321859
3.000000,1.312308
3.000000,1.302756
3.000000,1.293205
3.000000,1.283654
3.000000,1.274103
3.000000,1.264551
3.000000,1.255000
3.000000,1.245449
3.000000,1.235897
3.000000,1.226346
3.000000,1.216795
3.000000,1.207244
3.000000,1.197692
3.000000,1.188141
3.000000,1.178590
3.000000,1.169038
3.000000,1.159487
3.000000,1.149936
3.000000,1.140385
3.000000,1.130833
3.000000,1.121282
3.000000,1.111731
3.000000,1.102179
3.000000,1.092628
3.000000,1.083077
3.000000,1.073526
3.000000,1.063974
3.000000,1.054423
3.000000,1.044872
3.000000,1.035321
3.000000,1.025769
3.000000,1.016218
3.000000,1.006667
3.000000,0.997115
3.000000,0.987564
3.000000,0.978013
3.000000,0.968462
3.000000,0.958910
3.000000,0.949359
3.000000,0.939808
3.000000,0.930256
3.000000,0.920705
3.000000,0.911154
3.000000,0.901603
3.000000,0.892051
3.000000,0.882500
3.000000,0.872949
3.000000,0.863397
3.000000,0.853846
3.000000,0.844295
3.000000,0.834744
3.000000,0.825192
3.000000,0.815641
3.000000,0.806090
3.000000,0.796538
3.000000,0.786987
3.000000,0.777436
3.000000,0.767885
3.000000,0.758333
3.000000,0.748782
3.000000,0.739231
3.000000,0.729679
3.000000,0.720128
3.000000,0.710577
3.000000,0.701026
3.000000,0.691474
3.000000,0.681923
3.000000,0.672372
3.000000,0.662821
3.000000,0.653269
3.000000,0.643718
3.000000,0.634167
3.000000,0.624615
3.000000,0.615064
3.000000,0.605513
3.000000,0.595962
3.000000,0.586410
3.000000,0.576859
3.000000,0.567308
3.000000,0.557756
3.000000,0.548205
3.000000,0.538654
3.000000,0.529103
3.000000,0.519551
3.000000,0.510000
2.993200,0.503200
2.986400,0.496400
2.979600,0.489600
2.972800,0.482800
2.966000,0.476000
2.959200,0.469200
2.952400,0.462400
2.945600,0.455600
2.938800,0.448800
2.932000,0.442000
2.925200,0.435200
2.918400,0.428400
2.911600,0.421600
2.904800,0.414800
2.898000,0.408000
2.891200,0.401200
2.884400,0.394400
2.877600,0.387600
2.870800,0.380800
2.864000,0.374000
2.857200,0.367200
2.850400,0.360400
2.843600,0.353600
2.836800,0.346800
2.830000,0.340000
2.823200,0.333200
2.816400,0.326400
2.809600,0.319600
2.802800,0.312800
2.796000,0.306000
2.789200,0.299200
2.782400,0.292400
2.775600,0.285600
2.768800,0.278800
2.762000,0.272000
2.755200,0.265200
2.748400,0.258400
2.741600,0.251600
2.734800,0.244800
2.728000,0.238000
2.721200,0.231200
2.714400,0.224400
2.707600,0.217600
2.700800,0.210800
2.694000,0.204000
2.687200,0.197200
2.680400,0.190400
2.673600,0.183600
2.666800,0.176800
2.660000,0.170000
2.653200,0.163200
2.646400,0.156400
2.639600,0.149600
2.632800,0.142800
2.626000,0.136000
2.619200,0.129200
2.612400,0.122400
2.605600,0.115600
2.598800,0.108800
2.592000,0.102000
2.585200,0.095200
2.578400,0.088400
2.571600,0.081600
2.564800,0.074800
2.558000,0.068000
2.551200,0.061200
2.544400,0.054400
2.537600,0.047600
2.530800,0.040800
2.524000,0.034000
2.517200,0.027200
2.510400,0.020400
2.503600,0.013600
2.496800,0.006800
2.490000,0.000000
2.480435,0.000000
2.470870,0.000000
2.461304,0.000000
2.451739,0.000000
2.442174,0.000000
2.432609,0.000000
2.423043,0.000000
2.413478,0.000000
2.403913,0.000000
2.394348,0.000000
2.384783,0.000000
2.375217,0.000000
2.365652,0.000000
2.356087,0.000000
2.346522,0.000000
2.336957,0.000000
2.327391,0.000000
2.317826,0.000000
2.308261,0.000000
2.298696,0.000000
2.289130,0.000000
2.279565,0.000000
2.270000,0.000000
2.260435,0.000000
2.250870,0.000000
2.241304,0.000000
2.231739,0.000000
2.222174,0.000000
2.212609,0.000000
2.203043,0.000000
2.193478,0.000000
2.183913,0.000000
2.174348,0.000000
2.164783,0.000000
2.155217,0.000000
2.145652,0.000000
2.136087,0.000000
2.126522,0.000000
2.116957,0.000000
2.107391,0.000000
2.097826,0.000000
2.088261,0.000000
2.078696,0.000000
2.069130,0.000000
2.059565,0.000000
2.050000,0.000000
2.040435,0.000000
2.030870,0.000000
2.021304,0.000000
2.011739,0.000000
2.002174,0.000000
1.992609,0.000000
1.983043,0.000000
1.973478,0.000000
1.963913,0.000000
1.954348,0.000000
1.944783,0.000000
1.935217,0.000000
1.925652,0.000000
1.916087,0.000000
1.906522,0.000000
1.896957,0.000000
1.887391,0.000000
1.877826,0.000000
1.868261,0.000000
1.858696,0.000000
1.849130,0.000000
1.839565,0.000000
1.830000,0.000000
1.820435,0.000000
1.810870,0.000000
1.801304,0.000000
1.791739,0.000000
1.782174,0.000000
1.772609,0.000000
1.763043,0.000000
1.753478,0.000000
1.743913,0.000000
1.734348,0.000000
1.724783,0.000000
1.715217,0.000000
1.705652,0.000000
1.696087,0.000000
1.686522,0.000000
1.676957,0.000000
1.667391,0.000000
1.657826,0.000000
1.648261,0.000000
1.638696,0.000000
1.629130,0.000000
1.619565,0.000000
1.610000,0.000000
1.600435,0.000000
1.590870,0.000000
1.581304,0.000000
1.571739,0.000000
1.562174,0.000000
1.552609,0.000000
1.543043,0.000000
1.533478,0.000000
1.523913,0.000000
1.514348,0.000000
1.504783,0.000000
1.495217,0.000000
1.485652,0.000000
1.476087,0.000000
1.466522,0.000000
1.456957,0.000000
1.447391,0.000000
1.437826,0.000000
1.428261,0.000000
1.418696,0.000000
1.409130,0.000000
1.399565,0.000000
1.390000,0.000000
1.380435,0.000000
1.370870,0.000000
1.361304,0.000000
1.351739,0.000000
1.342174,0.000000
1.332609,0.000000
1.323043,0.000000
1.313478,0.000000
1.303913,0.000000
1.294348,0.000000
1.284783,0.000000
1.275217,0.000000
1.265652,0.000000
1.256087,0.000000
1.246522,0.000000
1.236957,0.000000
1.227391,0.000000
1.217826,0.000000
1.208261,0.000000
1.198696,0.000000
1.189130,0.000000
1.179565,0.000000
1.170000,0.000000
1.160435,0.000000
1.150870,0.000000
1.141304,0.000000
1.131739,0.000000
1.122174,0.000000
1.112609,0.000000
1.103043,0.000000
1.093478,0.000000
1.083913,0.000000
1.074348,0.000000
1.064783,0.000000
1.055217,0.000000
1.045652,0.000000
1.036087,0.000000
1.026522,0.000000
1.016957,0.000000
1.007391,0.000000
0.997826,0.000000
0.988261,0.000000
0.978696,0.000000
0.969130,0.000000
0.959565,0.000000
0.950000,0.000000
0.940435,0.000000
0.930870,0.000000
0.921304,0.000000
0.911739,0.000000
0.902174,0.000000
0.892609,0.000000
0.883043,0.000000
0.873478,0.000000
0.863913,0.000000
0.854348,0.000000
0.844783,0.000000
0.835217,0.000000
0.825652,0.000000
0.816087,0.000000
0.806522,0.000000
0.796957,0.000000
0.787391,0.000000
0.777826,0.000000
0.768261,0.000000
0.758696,0.000000
0.749130,0.000000
0.739565,0.000000
0.730000,0.000000
0.720435,0.000000
0.710870,0.000000
0.701304,0.000000
0.691739,0.000000
0.682174,0.000000
0.672609,0.000000
0.663043,0.000000
0.653478,0.000000
0.643913,0.000000
0.634348,0.000000
0.624783,0.000000
0.615217,0.000000
0.605652,0.000000
0.596087,0.000000
0.586522,0.000000
0.576957,0.000000
0.567391,0.000000
0.557826,0.000000
0.548261,0.000000
0.538696,0.000000
0.529130,0.000000
0.519565,0.000000
0.510000,0.000000
0.503200,0.006800
0.496400,0.013600
0.489600,0.020400
0.482800,0.027200
0.476000,0.034000
0.469200,0.040800
0.462400,0.047600
0.455600,0.054400
0.448800,0.061200
0.442000,0.068000
0.435200,0.074800
0.428400,0.081600
0.421600,0.088400
0.414800,0.095200
0.408000,0.102000
0.401200,0.108800
0.394400,0.115600
0.387600,0.122400
0.380800,0.129200
0.374000,0.136000
0.367200,0.142800
0.360400,0.149600
0.353600,0.156400
0.346800,0.163200
0.340000,0.170000
0.333200,0.176800
0.326400,0.183600
0.319600,0.190400
0.312800,0.197200
0.306000,0.204000
0.299200,0.210800
0.292400,0.217600
0.285600,0.224400
0.278800,0.231200
0.272000,0.238000
0.265200,0.244800
0.258400,0.251600
0.251600,0.258400
0.244800,0.265200
0.238000,0.272000
0.231200,0.278800
0.224400,0.285600
0.217600,0.292400
0.210800,0.299200
0.204000,0.306000
0.197200,0.312800
0.190400,0.319600
0.183600,0.326400
0.176800,0.333200
0.170000,0.340000
0.163200,0.346800
0.156400,0.353600
0.149600,0.360400
0.142800,0.367200
0.136000,0.374000
0.129200,0.380800
0.122400,0.387600
0.115600,0.394400
0.108800,0.401200
0.102000,0.408000
0.095200,0.414800
0.088400,0.421600
0.081600,0.428400
0.074800,0.435200
0.068000,0.442000
0.061200,0.448800
0.054400,0.455600
0.047600,0.462400
0.040800,0.469200
0.034000,0.476000
0.027200,0.482800
0.020400,0.489600
0.013600,0.496400
0.006800,0.503200
