0.000000,0.000000,0.000000,0.000000,0.000000,0.000000,0.000000
0.010000,9.621318,1.621318,0.000000,0.000000,0.000000,0.000000
0.020000,9.621318,1.621318,1.037455,0.169545,0.076699,0.000000
0.030000,9.621984,1.621984,3.132550,0.528820,0.383495,0.000000
0.040000,9.625317,1.625317,1.804446,0.629739,1.303884,0.306796
0.050000,9.633674,1.633674,0.444047,0.641850,1.840777,0.920388
0.060000,9.640746,1.640746,1.344252,0.613592,2.070874,0.920388
0.070000,9.649819,1.649819,2.123352,0.617629,2.147573,0.460194
0.080000,9.664023,1.664023,1.957844,0.662034,2.531068,0.690291
0.090000,9.679330,1.679330,2.256566,0.662034,3.374758,0.690291
0.100000,9.701973,1.701973,2.716761,0.662034,3.758253,0.690291
0.110000,9.727953,1.727953,3.289985,0.738733,4.295146,0.690291
0.120000,9.758606,1.758606,4.396066,1.275626,4.678641,0.690291
0.130000,9.792599,1.792599,4.416250,1.259479,5.292234,1.610680
0.140000,9.823012,1.823012,4.517170,0.892131,5.905826,1.764078
0.150000,9.857283,1.857283,4.892591,0.892131,6.289321,1.610680
0.160000,9.896387,1.896387,5.292234,1.808483,6.826215,1.610680
0.170000,9.940174,1.940174,5.191314,1.808483,7.363108,1.610680
0.180000,9.988648,1.988648,5.191314,1.808483,7.823302,1.917476
0.190000,10.000000,2.076345,6.309505,1.808483,8.360195,1.917476
0.200000,10.000000,2.184781,7.104753,2.022433,8.743690,1.764078
0.210000,10.000000,2.302916,7.516506,1.816556,9.357283,2.224272
0.220000,10.000000,2.422879,7.827339,2.002249,9.587380,2.147573
0.230000,10.000000,2.548398,7.593205,2.115279,10.431069,2.147573
0.240000,10.000000,2.688694,7.617426,2.147573,10.891264,2.300971
0.250000,10.000000,2.834127,8.860757,2.208125,11.428157,2.300971
0.260000,10.000000,2.989018,9.777109,2.183904,11.811652,2.224272
0.270000,10.000000,3.152191,9.006082,2.232346,12.195147,2.224272
0.280000,10.000000,3.322175,8.626624,2.232346,12.885439,2.454369
0.290000,10.000000,3.448144,9.240216,2.761165,12.808740,2.454369
0.300000,10.000000,3.541908,10.318039,2.672356,13.115536,2.531068
0.310000,10.000000,3.637866,10.209046,2.672356,13.575730,2.837864
0.320000,10.000000,3.732015,9.260400,2.696577,13.805827,3.144661
0.330000,10.000000,3.821535,9.627748,2.914563,13.882526,2.991263
0.340000,10.000000,3.916472,11.020441,2.946858,13.729128,2.837864
0.350000,10.000000,4.013400,10.923558,2.971079,13.729128,2.991263
0.360000,10.000000,4.106524,8.929383,3.431273,14.189322,3.528156
0.370000,10.000000,4.192013,10.128310,3.584671,14.266021,3.604855
0.380000,10.000000,4.277084,11.504856,3.491825,14.189322,3.528156
0.390000,10.000000,4.363847,10.628872,3.447420,14.189322,3.681554
0.400000,10.000000,4.447277,8.626624,3.285948,14.649517,4.065049
0.410000,10.000000,4.527212,10.148494,3.285948,14.266021,4.065049
0.420000,10.000000,4.602968,12.057896,3.285948,14.112623,4.065049
0.430000,10.000000,4.677466,10.075832,3.285948,14.649517,4.065049
0.440000,10.000000,4.759642,9.058560,4.238631,15.033012,4.448544
0.450000,10.000000,4.837535,11.282832,4.343588,15.109711,4.371845
0.460000,10.000000,4.919333,12.283957,3.859173,14.956313,4.295146
0.470000,10.000000,5.002075,9.664079,4.182116,15.416507,4.678641
0.480000,10.000000,5.081719,9.946654,4.420287,15.263109,4.832039
0.490000,10.000000,5.156279,11.827799,4.420287,15.263109,4.832039
0.500000,10.000000,5.231833,10.959889,4.420287,15.186410,4.832039
0.510000,10.000000,5.307383,9.486460,4.428360,15.416507,4.908739
0.520000,10.000000,5.385053,10.915484,4.432397,15.339808,5.062137
0.530000,10.000000,5.458724,12.166890,4.400103,15.339808,4.908739
0.540000,10.000000,5.537556,10.536026,4.416250,15.723303,5.292234
0.550000,10.000000,5.612642,9.938581,4.416250,15.800002,5.599030
0.560000,10.000000,5.681321,11.424120,4.416250,15.339808,5.599030
0.570000,10.000000,5.744563,11.682475,4.416250,15.109711,5.599030
0.580000,10.000000,5.805798,9.978949,4.416250,15.646604,5.599030
0.590000,10.000000,5.875710,10.495658,5.263976,15.646604,5.675729
0.600000,10.000000,5.944895,11.961013,5.647471,15.800002,5.522331
0.610000,10.000000,6.021622,11.282832,5.647471,15.800002,5.522331
0.620000,10.000000,6.099739,10.015280,5.647471,16.030099,5.522331
0.630000,10.000000,6.182557,10.858969,5.647471,15.953400,5.522331
0.640000,10.000000,6.265752,11.484672,5.647471,15.569905,5.522331
0.650000,10.000000,6.344875,11.335311,5.114615,15.493206,5.829127
0.660000,10.000000,6.416210,11.028515,5.453705,15.646604,6.135923
0.670000,10.000000,6.483090,11.246501,5.663619,15.646604,6.519418
0.680000,10.000000,6.541275,11.246501,5.663619,15.569905,1.533981
0.690000,10.000000,6.731744,10.838785,5.663619,15.493206,1.533981
0.700000,10.000000,6.923428,10.850896,5.663619,15.339808,1.533981
0.710000,10.000000,7.114740,10.850896,5.663619,14.879614,1.533981
0.720000,10.000000,7.300943,11.367605,5.893716,14.802915,1.533981
0.730000,10.000000,7.487784,11.020441,5.990599,14.956313,1.533981
0.740000,10.000000,7.678667,11.020441,5.990599,14.879614,1.533981
0.750000,10.000000,7.870137,10.188862,5.990599,14.879614,1.533981
0.760000,10.000000,8.063472,10.051611,5.990599,14.342720,1.533981
0.770000,10.000000,8.250162,10.354370,5.990599,14.112623,1.533981
0.780000,10.000000,8.434915,11.177876,5.990599,14.266021,1.533981
0.790000,10.000000,8.623826,11.311090,5.990599,14.112623,1.533981
0.800000,10.000000,8.811983,10.548136,5.990599,14.112623,1.533981
0.810000,10.000000,9.001839,9.958765,5.990599,13.882526,1.533981
0.820000,10.000000,9.189619,10.136384,5.990599,13.499031,1.533981
0.830000,10.000000,9.372705,10.269598,5.990599,13.575730,1.533981
0.840000,10.000000,9.558631,10.083905,7.480175,13.575730,8.743690
0.850000,10.000000,9.561479,11.250538,8.033215,13.499031,9.050487
0.860000,10.000000,9.556058,11.012367,8.033215,13.268934,9.050487
0.870000,10.000000,9.547582,10.087942,8.033215,13.575730,9.970875
0.880000,10.000000,9.521561,10.091979,8.033215,13.499031,9.970875
0.890000,10.000000,9.494962,10.531989,8.033215,13.575730,9.970875
0.900000,10.000000,9.470360,10.653093,8.033215,13.422332,10.354370
0.910000,10.000000,9.434131,9.728668,8.033215,13.499031,10.431069
0.920000,10.000000,9.397893,9.692337,8.033215,13.499031,10.431069
0.930000,10.000000,9.362538,10.229230,8.033215,13.345633,10.431069
0.940000,10.000000,9.325256,11.218244,8.033215,13.345633,10.431069
0.950000,10.000000,9.288624,9.607564,8.033215,14.035924,10.431069
0.960000,10.000000,9.264397,9.086818,8.033215,13.882526,10.431069
0.970000,10.000000,9.238329,10.402812,8.033215,13.575730,10.431069
0.980000,10.000000,9.207761,10.402812,8.033215,13.038837,10.431069
0.990000,10.000000,9.168692,9.534902,8.033215,13.575730,10.431069
1.000000,10.000000,9.139386,9.478387,8.033215,13.038837,10.431069
1.010000,10.000000,9.101552,11.036588,8.033215,13.268934,10.431069
1.020000,10.000000,9.068233,10.132347,8.033215,13.575730,10.431069
1.030000,10.000000,9.040787,9.042413,8.033215,13.575730,10.431069
1.040000,10.000000,9.014002,10.758049,8.033215,13.422332,10.431069
1.050000,10.000000,8.985235,11.460451,8.033215,13.422332,13.115536
1.060000,10.000000,8.890440,8.784058,8.033215,14.035924,13.115536
1.070000,10.000000,8.807071,9.300768,8.033215,13.345633,13.729128
1.080000,10.000000,8.697480,11.484672,8.033215,13.499031,13.729128
1.090000,10.000000,8.590752,10.019317,8.033215,13.499031,13.882526
1.100000,10.000000,8.480485,8.465152,8.033215,13.652429,13.882526
1.110000,10.000000,8.373075,10.596578,8.033215,13.652429,13.882526
1.120000,10.000000,8.265908,11.222281,8.033215,13.729128,13.882526
1.130000,10.000000,8.160296,10.160604,8.033215,13.805827,14.496118
1.140000,10.000000,8.041196,9.555086,8.033215,14.035924,14.496118
1.150000,10.000000,7.926212,10.314002,8.033215,13.882526,14.496118
1.160000,10.000000,7.808816,10.883190,8.033215,13.422332,14.496118
1.170000,10.000000,7.683746,10.374554,8.033215,13.499031,14.496118
1.180000,10.000000,7.560089,8.828463,8.033215,13.959225,14.496118
1.190000,10.000000,7.445672,9.833624,8.033215,13.652429,14.496118
1.200000,10.000000,7.326833,11.537150,8.033215,13.729128,14.496118
1.210000,10.000000,7.209818,10.120236,8.033215,13.729128,14.496118
1.220000,10.000000,7.093067,9.046450,8.033215,13.959225,14.496118
1.230000,10.000000,6.980379,10.778233,8.033215,13.882526,14.496118
1.240000,10.000000,6.866527,11.198060,8.033215,13.422332,14.496118
1.250000,10.000000,6.744935,9.324988,8.033215,13.652429,14.496118
1.260000,10.000000,6.627324,9.627748,8.033215,13.422332,14.496118
1.270000,10.000000,6.505872,10.669240,8.033215,13.192235,14.496118
1.280000,10.000000,6.380545,10.762086,8.033215,13.115536,14.496118
1.290000,10.000000,6.253916,9.587380,8.033215,13.192235,12.808740
1.300000,10.000000,6.170652,9.417835,8.033215,13.268934,12.808740
1.310000,10.000000,6.089888,9.417835,8.033215,13.192235,12.808740
1.320000,10.000000,6.008027,9.865919,8.033215,12.962138,12.808740
1.330000,10.000000,5.922443,10.209046,8.033215,12.885439,9.357283
1.340000,10.000000,5.918022,9.914360,8.033215,12.885439,9.357283
1.350000,10.000000,5.914122,9.587380,8.033215,12.732041,9.357283
1.360000,10.000000,5.908128,9.970875,8.033215,12.425244,9.357283
1.370000,10.000000,5.897396,10.245377,8.033215,12.425244,9.357283
1.380000,10.000000,5.887100,9.341136,8.033215,12.578642,9.357283
1.390000,10.000000,5.879850,9.308841,8.033215,12.501943,9.357283
1.400000,10.000000,5.871740,9.700410,8.033215,12.501943,9.357283
1.410000,10.000000,5.864064,10.309966,8.033215,12.348545,9.357283
1.420000,10.000000,5.854195,9.571233,8.033215,12.425244,9.357283
1.430000,10.000000,5.847470,9.268473,8.033215,12.578642,9.357283
1.440000,10.000000,5.844739,9.688300,8.033215,12.195147,9.357283
1.450000,10.000000,5.835814,10.213083,7.173379,12.425244,9.740778
1.460000,10.000000,5.822247,9.534902,-3.681554,12.041749,9.740778
1.470000,10.000000,5.803872,8.497446,-1.659121,12.348545,9.740778
1.480000,10.000000,5.791123,9.668116,-1.659121,12.271846,9.740778
1.490000,10.000000,5.777358,10.770160,-1.659121,12.041749,8.820390
1.500000,10.000000,5.781301,9.688300,-1.659121,12.425244,8.820390
1.510000,10.000000,5.792281,8.755801,-1.659121,13.115536,8.820390
1.520000,10.000000,5.815699,9.413798,9.264437,13.192235,8.820390
1.530000,10.000000,5.840981,10.479511,8.545888,12.962138,8.820390
1.540000,10.000000,5.862786,10.342260,8.545888,12.732041,8.820390
1.550000,10.000000,5.881070,8.529741,8.545888,12.578642,8.820390
1.560000,10.000000,5.897486,8.921309,8.545888,12.271846,8.820390
1.570000,10.000000,5.911157,10.096016,8.545888,12.655342,8.820390
1.580000,10.000000,5.931916,10.148494,8.545888,12.655342,8.820390
1.590000,10.000000,5.953076,9.171590,8.545888,13.499031,10.814565
1.600000,10.000000,5.944028,9.732704,8.545888,13.499031,10.814565
1.610000,10.000000,5.935238,10.382628,8.545888,13.192235,10.814565
1.620000,10.000000,5.921302,10.382628,8.545888,12.655342,10.814565
1.630000,10.000000,5.898120,8.985898,8.545888,12.732041,10.814565
1.640000,10.000000,5.876410,8.767911,8.545888,12.195147,10.814565
1.650000,10.000000,5.845390,9.886102,8.545888,12.118448,10.814565
1.660000,10.000000,5.813074,9.756925,8.545888,12.271846,9.280584
1.670000,10.000000,5.818247,8.033215,6.822178,12.578642,9.280584
1.680000,10.000000,5.829074,8.723507,6.822178,12.195147,8.590292
1.690000,10.000000,5.851027,10.164641,7.048238,12.118448,8.436894
1.700000,10.000000,5.876045,9.930507,6.475014,12.425244,8.590292
1.710000,10.000000,5.903357,7.564947,6.588044,12.118448,8.590292
1.720000,10.000000,5.925568,9.894176,6.588044,11.888351,8.590292
1.730000,10.000000,5.943989,9.882066,6.281248,11.581555,7.823302
1.740000,10.000000,5.974338,7.455954,6.224733,12.348545,8.130098
1.750000,10.000000,6.011740,8.792132,6.394278,12.195147,8.283496
1.760000,10.000000,6.043379,9.966838,6.313542,12.348545,8.283496
1.770000,10.000000,6.078069,9.801330,6.313542,12.195147,8.283496
1.780000,10.000000,6.110387,8.190650,6.406388,12.425244,8.053399
1.790000,10.000000,6.152229,8.977824,6.378131,12.425244,8.053399
1.800000,10.000000,6.194463,9.676189,6.357947,12.425244,7.823302
1.810000,10.000000,6.242185,9.567196,6.192438,12.425244,7.823302
1.820000,10.000000,6.290330,8.348085,6.131886,12.501943,7.516506
1.830000,10.000000,6.349009,8.687175,6.228769,12.732041,8.053399
1.840000,10.000000,6.400963,9.716557,6.228769,12.578642,8.053399
1.850000,10.000000,6.450567,10.108126,6.394278,12.962138,7.976700
1.860000,10.000000,6.509111,9.401688,6.398315,12.962138,7.976700
1.870000,10.000000,6.568107,8.085693,6.515382,13.038837,8.206797
1.880000,10.000000,6.623929,9.966838,6.402351,12.885439,8.053399
1.890000,10.000000,6.680760,10.976036,6.309505,12.885439,7.900001
1.900000,10.000000,6.741359,9.551049,6.584007,12.885439,8.053399
1.910000,10.000000,6.799093,7.766787,6.616301,13.422332,8.360195
1.920000,10.000000,6.860328,9.191774,6.757589,13.038837,8.130098
1.930000,10.000000,6.920092,11.141545,6.757589,12.808740,8.130098
1.940000,10.000000,6.976154,10.786307,6.757589,12.962138,8.283496
1.950000,10.000000,7.032116,8.981861,6.757589,13.499031,8.897089
1.960000,10.000000,7.085029,8.816353,6.943281,13.345633,8.820390
1.970000,10.000000,7.139073,10.475474,6.878693,13.192235,8.360195
1.980000,10.000000,7.202513,11.508893,6.878693,12.962138,8.360195
1.990000,10.000000,7.263025,9.764999,6.684927,13.115536,8.206797
2.000000,10.000000,7.330071,8.376342,6.801994,13.499031,8.206797
2.010000,10.000000,7.404695,9.970875,6.725295,13.268934,8.436894
2.020000,10.000000,7.470735,11.565408,6.644559,12.962138,8.436894
2.030000,10.000000,7.531585,10.741902,6.975576,13.115536,8.436894
2.040000,10.000000,7.595727,8.965714,7.193563,13.652429,8.436894
2.050000,10.000000,7.670319,9.522791,6.979613,13.422332,8.436894
2.060000,10.000000,7.741284,10.842822,6.979613,13.192235,8.360195
2.070000,10.000000,7.811071,10.802454,6.801994,12.962138,8.360195
2.080000,10.000000,7.877066,9.272510,6.801994,13.422332,8.360195
2.090000,10.000000,7.952225,9.526828,7.108790,13.345633,8.436894
2.100000,10.000000,8.024906,10.754013,7.108790,13.268934,8.206797
2.110000,10.000000,8.101811,10.951815,6.898877,13.038837,8.206797
2.120000,10.000000,8.176836,9.195811,6.898877,13.499031,8.743690
2.130000,10.000000,8.249908,9.534902,6.898877,13.422332,8.897089
2.140000,10.000000,8.318860,11.169802,6.898877,13.192235,8.897089
2.150000,10.000000,8.383943,11.085030,6.898877,13.268934,8.897089
2.160000,10.000000,8.450955,9.228105,6.898877,13.729128,9.127186
2.170000,10.000000,8.522442,9.676189,6.898877,13.345633,9.050487
2.180000,10.000000,8.588754,11.436230,6.898877,13.192235,9.050487
2.190000,10.000000,8.652631,10.495658,6.898877,13.499031,9.050487
2.200000,10.000000,8.722852,8.796169,6.898877,13.805827,9.050487
2.210000,10.000000,8.799497,10.019317,6.898877,13.422332,9.050487
2.220000,10.000000,8.869401,10.019317,6.898877,13.192235,9.050487
2.230000,10.000000,8.935432,9.882066,6.898877,13.729128,9.050487
2.240000,10.000000,9.012305,9.050487,6.898877,13.882526,10.200972
2.250000,10.000000,9.069017,10.826675,6.898877,13.729128,10.200972
2.260000,10.000000,9.123301,11.864130,6.898877,13.652429,10.200972
2.270000,10.000000,9.178637,9.878029,6.898877,14.035924,10.200972
2.280000,10.000000,9.241772,10.055648,9.260400,14.649517,10.431069
2.290000,10.000000,9.312578,11.206133,9.260400,14.572817,10.431069
2.300000,10.000000,9.382478,10.838785,9.260400,14.112623,10.431069
2.310000,10.000000,9.444018,9.014156,8.969751,14.496118,10.431069
2.320000,10.000000,9.513493,9.930507,8.969751,14.189322,10.431069
2.330000,10.000000,9.579985,11.492746,8.969751,14.572817,10.431069
2.340000,10.000000,9.655034,11.472562,8.969751,14.496118,10.661166
2.350000,10.000000,9.724591,10.241340,8.969751,15.109711,10.661166
2.360000,10.000000,9.806907,10.871080,9.926470,15.033012,11.658254
2.370000,10.000000,9.869624,12.126522,9.890139,15.186410,11.428157
2.380000,10.000000,9.940791,10.628872,9.890139,15.263109,11.428157
2.390000,9.985825,10.000000,10.628872,9.890139,15.033012,11.734953
2.400000,9.922569,10.000000,11.900461,9.890139,14.649517,11.734953
2.410000,9.864841,10.000000,11.900461,9.890139,14.879614,11.734953
2.420000,9.801452,10.000000,9.046450,9.890139,14.956313,11.734953
2.430000,9.735976,10.000000,10.624835,9.890139,14.879614,11.734953
2.440000,9.671467,10.000000,12.094227,10.031427,14.572817,11.734953
2.450000,9.612582,10.000000,10.475474,10.031427,14.956313,11.734953
2.460000,9.545447,10.000000,10.475474,10.031427,14.879614,11.734953
2.470000,9.479241,10.000000,11.274759,10.031427,14.572817,11.734953
2.480000,9.418638,10.000000,11.036588,10.031427,14.649517,12.578642
2.490000,9.372799,10.000000,10.124273,10.031427,14.726216,12.501943
2.500000,9.323540,10.000000,10.124273,10.031427,14.419419,12.501943
2.510000,9.280136,10.000000,11.153655,10.031427,13.882526,12.501943
2.520000,9.247359,10.000000,11.153655,10.031427,14.112623,12.501943
2.530000,9.209747,10.000000,9.764999,10.031427,14.496118,12.501943
2.540000,9.164090,10.000000,9.724631,10.031427,14.189322,12.501943
2.550000,9.122807,10.000000,9.490497,10.031427,13.959225,12.501943
2.560000,9.085442,10.000000,10.233267,10.091979,13.805827,13.115536
2.570000,9.063149,10.000000,10.636946,10.091979,13.575730,13.115536
2.580000,9.045599,10.000000,9.978949,10.091979,13.268934,13.038837
2.590000,9.032910,10.000000,10.217119,10.209046,13.115536,12.732041
2.600000,9.016597,10.000000,10.770160,10.209046,12.885439,12.732041
2.610000,9.004903,10.000000,9.966838,10.209046,12.808740,12.962138
2.620000,8.999601,10.000000,9.603527,10.209046,12.578642,13.192235
2.630000,9.003957,10.000000,9.991059,9.942618,12.195147,13.192235
2.640000,9.016684,10.000000,9.619674,9.942618,12.041749,13.192235
2.650000,9.033171,10.000000,8.432858,9.942618,11.965050,13.192235
2.660000,9.051898,10.000000,8.388453,9.942618,11.734953,13.192235
2.670000,9.076039,10.000000,9.215995,9.942618,11.658254,13.192235
2.680000,9.100688,10.000000,9.264437,9.942618,11.428157,13.192235
2.690000,9.130531,10.000000,9.462239,9.942618,11.198060,12.655342
2.700000,9.155226,10.000000,10.104089,9.942618,11.121361,12.578642
2.710000,9.180728,10.000000,9.139296,9.942618,11.274759,12.578642
2.720000,9.203912,10.000000,8.101841,9.942618,11.274759,12.578642
2.730000,9.227864,10.000000,8.812316,9.942618,10.967963,12.578642
2.740000,9.258805,10.000000,9.728668,9.942618,10.967963,12.578642
2.750000,9.290630,10.000000,8.105877,9.942618,11.351458,12.578642
2.760000,9.315630,10.000000,8.069546,9.942618,11.044662,12.578642
2.770000,9.347620,10.000000,9.139296,9.942618,11.044662,11.965050
2.780000,9.368085,10.000000,10.112163,9.942618,10.737866,11.965050
2.790000,9.395406,10.000000,8.162393,9.942618,11.581555,11.965050
2.800000,9.405064,10.000000,8.158356,9.942618,11.274759,11.965050
2.810000,9.421147,10.000000,9.922434,9.942618,11.351458,11.965050
2.820000,9.436383,10.000000,9.837661,9.777109,11.351458,11.965050
2.830000,9.452290,10.000000,7.815228,9.777109,11.734953,11.965050
2.840000,9.461262,10.000000,8.004958,9.777109,11.734953,11.965050
2.850000,9.470818,10.000000,9.752888,9.777109,11.581555,11.965050
2.860000,9.484015,10.000000,10.515842,9.777109,12.195147,11.965050
2.870000,9.485712,10.000000,8.586256,10.237303,12.425244,12.962138
2.880000,9.503655,10.000000,8.210834,10.237303,12.348545,12.962138
2.890000,9.523961,10.000000,10.846859,10.237303,11.965050,12.962138
2.900000,9.552728,10.000000,10.846859,10.237303,12.348545,12.271846
2.910000,9.559942,10.000000,8.126061,10.237303,12.655342,12.578642
2.920000,9.567176,10.000000,9.639858,10.237303,12.348545,12.578642
2.930000,9.581089,10.000000,10.366481,10.237303,12.348545,12.578642
2.940000,9.595801,10.000000,8.905162,10.237303,12.501943,12.578642
2.950000,9.608341,10.000000,8.792132,10.237303,12.732041,12.578642
2.960000,9.617186,10.000000,10.039501,10.083905,12.885439,12.578642
2.970000,9.623772,10.000000,9.950691,10.083905,12.962138,12.578642
2.980000,9.629556,10.000000,9.559122,10.495658,12.808740,12.041749
2.990000,9.627961,10.000000,8.953604,10.495658,13.268934,12.041749
3.000000,9.617910,10.000000,9.256363,10.495658,13.115536,12.041749
3.010000,9.610672,10.000000,9.999133,10.495658,12.501943,12.041749
3.020000,9.614703,10.000000,10.213083,10.495658,12.501943,12.041749
3.030000,9.619356,10.000000,8.323864,10.495658,13.115536,12.041749
3.040000,9.612829,10.000000,8.824426,10.495658,12.885439,12.041749
3.050000,9.611125,10.000000,10.431069,10.495658,12.808740,11.504856
3.060000,9.600392,10.000000,10.342260,10.495658,12.655342,11.504856
3.070000,9.592856,10.000000,7.928259,10.495658,13.038837,11.504856
3.080000,9.578263,10.000000,7.928259,9.038376,12.732041,11.504856
3.090000,9.569702,10.000000,10.826675,9.038376,12.348545,11.044662
3.100000,9.559330,10.000000,9.712520,9.038376,12.425244,11.044662
3.110000,9.547259,10.000000,7.254114,9.038376,13.115536,11.888351
3.120000,9.538811,10.000000,9.886102,9.038376,12.732041,11.888351
3.130000,9.538005,10.000000,11.484672,9.038376,12.732041,11.888351
3.140000,9.537733,10.000000,9.627748,9.038376,12.885439,11.888351
3.150000,9.535093,10.000000,8.154319,9.038376,13.268934,11.888351
3.160000,9.525634,10.000000,8.154319,9.038376,13.038837,11.888351
3.170000,9.520843,10.000000,10.443180,9.038376,12.885439,11.888351
3.180000,9.519216,10.000000,9.853808,9.038376,12.578642,12.348545
3.190000,9.532862,10.000000,8.965714,9.038376,12.962138,12.348545
3.200000,9.540443,10.000000,8.973788,9.038376,13.038837,12.348545
3.210000,9.547603,10.000000,9.252326,9.038376,13.115536,12.348545
3.220000,9.554388,10.000000,10.523916,10.507768,12.732041,12.808740
3.230000,9.579023,10.000000,10.883190,10.507768,12.732041,12.808740
3.240000,9.605711,10.000000,8.707359,10.507768,12.962138,12.808740
3.250000,9.630427,10.000000,9.159480,10.507768,12.425244,12.808740
3.260000,9.667561,10.000000,10.959889,10.507768,12.118448,12.808740
3.270000,9.713624,10.000000,10.362444,10.507768,12.195147,12.808740
3.280000,9.762335,10.000000,8.218908,10.507768,12.808740,13.038837
3.290000,9.809581,10.000000,9.623711,10.560247,12.348545,13.038837
3.300000,9.870484,10.000000,11.105214,10.560247,12.425244,13.038837
3.310000,9.818014,9.881056,10.063721,10.560247,12.501943,13.575730
3.320000,8.960622,8.937973,9.111039,10.560247,12.501943,13.575730
3.330000,8.106646,7.986579,9.942618,10.560247,12.501943,13.575730
3.340000,7.257607,7.025200,9.458203,10.560247,12.271846,13.575730
3.350000,6.425149,6.057411,8.957640,9.014156,11.965050,13.575730
3.360000,5.615345,5.081862,9.244253,4.747267,11.734953,13.575730
3.370000,4.829780,4.091980,8.283496,8.880941,11.658254,13.575730
3.380000,4.070015,3.077415,7.242004,9.611601,11.504856,13.575730
3.390000,4.000000,-4.000000,7.682014,8.162393,11.428157,13.575730
3.400000,-4.000000,4.000000,7.209710,6.479050,11.044662,11.965050
3.410000,-4.000000,4.000000,6.434646,6.479050,10.814565,11.965050
3.420000,-4.000000,4.000000,3.685591,6.479050,9.433982,11.965050
3.430000,-4.000000,4.000000,3.491825,6.890803,7.593205,8.053399
3.440000,-4.000000,4.000000,3.152734,6.543639,6.135923,6.979613
3.450000,-4.000000,4.000000,2.498774,6.357947,5.368933,6.749515
3.460000,-4.000000,4.000000,2.179867,5.909863,5.292234,6.442719
3.470000,-4.000000,4.000000,0.944609,5.546552,4.908739,6.442719
3.480000,-4.000000,4.000000,0.993051,5.546552,4.448544,6.442719
3.490000,-4.000000,4.000000,1.913439,5.546552,3.681554,6.442719
3.500000,-4.000000,4.000000,1.949770,5.546552,2.761165,4.448544
3.510000,-4.000000,4.000000,1.679305,4.125601,1.764078,3.681554
3.520000,-4.000000,4.000000,0.217987,4.048902,0.690291,3.681554
3.530000,-4.000000,4.000000,0.000000,3.463567,0.076699,2.454369
3.540000,-4.000000,4.000000,0.000000,3.120440,-0.613592,1.994175
3.550000,-4.000000,4.000000,-0.084773,3.120440,-0.920388,1.994175
3.560000,-4.000000,4.000000,-0.084773,3.120440,-0.920388,1.994175
3.570000,-4.000000,4.000000,-0.516709,1.986101,-0.843689,1.994175
3.580000,-4.000000,4.000000,-0.238171,1.986101,-0.920388,1.994175
3.590000,-4.000000,4.000000,-0.080736,1.986101,-1.227185,1.610680
3.600000,-4.000000,4.000000,-0.605519,1.986101,-1.457282,1.380583
3.610000,-4.000000,4.000000,-1.538018,1.618753,-1.533981,1.227185
3.620000,-4.000000,4.000000,-1.961881,1.618753,-1.840777,1.227185
3.630000,-4.000000,4.000000,-0.980940,1.562238,-1.994175,1.380583
3.640000,-4.000000,4.000000,-1.150486,1.562238,-2.147573,1.380583
3.650000,-4.000000,4.000000,-1.247369,1.562238,-1.994175,1.380583
3.660000,-4.000000,4.000000,-1.441135,1.562238,-2.147573,1.380583
3.670000,-4.000000,4.000000,-1.416914,1.562238,-2.300971,1.380583
3.680000,-4.000000,4.000000,-2.369597,3.754216,-2.684466,2.761165
3.690000,-4.000000,4.000000,-2.611804,3.471641,-2.991263,3.298059
3.700000,-4.000000,4.000000,-2.212162,3.043741,-3.451457,3.681554
3.710000,-4.000000,4.000000,-2.551252,2.942821,-3.911651,4.218447
3.720000,-4.000000,4.000000,-3.152734,2.942821,-4.218447,4.218447
3.730000,-4.000000,4.000000,-3.051814,2.942821,-4.525243,4.218447
3.740000,-4.000000,4.000000,-1.836740,2.942821,-4.525243,4.218447
3.750000,-4.000000,4.000000,-2.539142,2.942821,-4.371845,4.218447
3.760000,-4.000000,4.000000,-3.019520,2.942821,-4.295146,4.218447
3.770000,-4.000000,4.000000,-3.354574,2.942821,-4.601942,6.826215
3.780000,-4.000000,4.000000,-3.302095,2.942821,-5.292234,6.826215
3.790000,-4.000000,4.000000,-3.762290,2.942821,-5.675729,6.826215
3.800000,-4.000000,4.000000,-3.423199,2.942821,-5.752428,6.826215
3.810000,-4.000000,4.000000,-2.466480,2.942821,-5.368933,6.826215
3.820000,-4.000000,4.000000,-2.789423,2.942821,-4.908739,6.826215
3.830000,-4.000000,4.000000,-4.299183,2.942821,-4.755340,6.826215
3.840000,-4.000000,4.000000,-4.420287,2.942821,-5.445632,6.826215
3.850000,-4.000000,4.000000,-3.164845,2.942821,-6.212622,6.826215
3.860000,-4.000000,4.000000,-3.326316,2.942821,-6.135923,6.826215
3.870000,-4.000000,4.000000,-3.520082,2.942821,-5.829127,6.826215
3.880000,-4.000000,4.000000,-3.625039,2.942821,-5.752428,6.826215
3.890000,-4.000000,4.000000,-3.625039,2.942821,-5.982525,6.826215
3.900000,-4.000000,4.000000,-3.875320,2.942821,-6.519418,6.826215
3.910000,-4.000000,4.000000,-3.043741,2.942821,-6.672816,6.826215
3.920000,-4.000000,4.000000,-3.338427,2.942821,-6.212622,6.826215
3.930000,-4.000000,4.000000,-4.307257,2.942821,-5.675729,6.826215
3.940000,-4.000000,4.000000,-5.255903,2.942821,-6.289321,6.826215
3.950000,-4.000000,4.000000,-4.198263,2.942821,-6.979613,6.826215
3.960000,-4.000000,4.000000,-3.213286,2.942821,-7.133011,6.826215
3.970000,-4.000000,4.000000,-3.729995,2.942821,-6.366020,6.826215
3.980000,-4.000000,4.000000,-3.729995,2.942821,-5.982525,6.826215
3.990000,-4.000000,4.000000,-4.077159,2.942821,-6.749515,6.826215
4.000000,-4.000000,4.000000,-2.535105,2.942821,-7.056312,6.826215
4.010000,-4.000000,4.000000,-3.552377,2.942821,-6.749515,6.826215
4.020000,-4.000000,4.000000,-5.316454,2.942821,-6.442719,6.826215
4.030000,-4.000000,4.000000,-5.679766,2.942821,-6.749515,6.826215
4.040000,-4.000000,4.000000,-3.818805,2.942821,-6.979613,6.826215
4.050000,-4.000000,4.000000,-2.611804,2.942821,-6.902914,6.826215
4.060000,-4.000000,4.000000,-4.448544,2.942821,-6.289321,6.826215
4.070000,-4.000000,4.000000,-4.448544,2.942821,-6.749515,6.826215
4.080000,-4.000000,4.000000,-3.104293,2.942821,-7.286409,6.826215
4.090000,-4.000000,4.000000,-2.781349,2.942821,-7.056312,6.826215
4.100000,-4.000000,4.000000,-4.872407,2.942821,-6.749515,6.826215
4.110000,-4.000000,4.000000,-5.490037,2.942821,-6.672816,6.826215
4.120000,-4.000000,4.000000,-3.616965,2.942821,-7.516506,6.826215
4.130000,-4.000000,4.000000,-3.758253,2.942821,-7.056312,6.826215
4.140000,-4.000000,4.000000,-5.526368,2.942821,-7.286409,6.826215
4.150000,-4.000000,4.000000,-5.163056,2.942821,-7.209710,6.826215
4.160000,-4.000000,4.000000,-2.983189,2.942821,-7.823302,6.826215
4.170000,-4.000000,4.000000,-2.878232,2.942821,-7.516506,6.826215
4.180000,-4.000000,4.000000,-2.878232,2.942821,-6.749515,6.826215
4.190000,-4.000000,4.000000,-5.171130,2.942821,-7.593205,6.826215
4.200000,-4.000000,4.000000,-3.766327,2.942821,-7.593205,6.826215
4.210000,-4.000000,4.000000,-5.086357,2.942821,-7.516506,6.826215
4.220000,-4.000000,4.000000,-5.445632,2.942821,-7.593205,6.826215
4.230000,-4.000000,4.000000,-3.629076,2.942821,-7.593205,6.826215
4.240000,-4.000000,4.000000,-3.447420,2.942821,-7.439807,15.033012
4.250000,-4.000000,4.000000,-4.484875,2.942821,-7.363108,14.879614
4.260000,-4.000000,4.000000,-4.484875,2.942821,-7.363108,14.879614
4.270000,-3.806174,3.806174,-5.469853,2.942821,-7.363108,14.879614
4.280000,-3.601541,3.601541,-5.469853,2.942821,-7.593205,14.879614
4.290000,-3.394792,3.394792,-5.469853,2.942821,-7.209710,14.879614
4.300000,-3.191570,3.191570,-4.828003,2.942821,-6.826215,14.879614
4.310000,-2.991876,2.991876,-3.802658,2.942821,-6.979613,14.879614
4.320000,-2.790771,2.790771,-2.498774,2.942821,-6.902914,14.879614
4.330000,-2.590372,2.590372,-3.770363,1.247369,-6.672816,14.879614
4.340000,-2.392090,2.392090,-3.346500,1.247369,-6.979613,14.879614
4.350000,-2.190985,2.190985,-3.346500,1.247369,-6.902914,14.879614
4.360000,-1.990586,1.990586,-4.145785,1.247369,-6.212622,14.879614
4.370000,-1.796537,1.796537,-3.382831,1.247369,-6.212622,14.879614
4.380000,-1.602488,1.602488,-1.469392,1.247369,-5.675729,14.879614
4.390000,-1.413379,1.413379,-3.520082,1.247369,-5.368933,14.879614
4.400000,-1.227093,1.227093,-3.140624,1.247369,-5.138836,14.879614
4.410000,-1.042923,1.042923,-2.365560,1.247369,-5.445632,14.879614
4.420000,-0.855931,0.855931,-3.116403,1.247369,-5.292234,14.879614
4.430000,-0.670350,0.670350,-2.418038,1.247369,-4.755340,14.879614
4.440000,-0.489708,0.489708,-2.418038,1.247369,-4.525243,14.879614
4.450000,-0.489708,0.489708,-2.155647,1.247369,-4.218447,14.879614
4.460000,-0.489708,0.489708,-2.155647,1.247369,-4.218447,14.879614
4.470000,-0.489708,0.489708,-2.155647,1.247369,-4.218447,14.879614
4.480000,-0.489708,0.489708,-2.155647,1.247369,-4.218447,14.879614
4.490000,-0.489708,0.489708,-2.155647,1.247369,-4.218447,14.879614
4.500000,-0.489708,0.489708,-2.155647,1.247369,-4.218447,14.879614
4.510000,-0.489708,0.489708,-2.155647,1.247369,-4.218447,14.879614
4.520000,-0.489708,0.489708,-2.155647,1.247369,-4.218447,14.879614
4.530000,-0.489708,0.489708,-2.155647,1.247369,-4.218447,14.879614
4.540000,-0.489708,0.489708,-2.155647,1.247369,-4.218447,14.879614
4.550000,-0.489708,0.489708,-2.155647,1.247369,-4.218447,14.879614
4.560000,-0.489708,0.489708,-2.155647,1.247369,-4.218447,14.879614
4.570000,-0.489708,0.489708,-2.155647,1.247369,-4.218447,14.879614
4.580000,-0.489708,0.489708,-2.155647,1.247369,-4.218447,14.879614
4.590000,-0.489708,0.489708,-2.155647,1.247369,-4.218447,14.879614
4.600000,-0.489708,0.489708,-2.155647,1.247369,-4.218447,14.879614
4.610000,-0.489708,0.489708,-2.155647,1.247369,-4.218447,14.879614
4.620000,-0.489708,0.489708,-2.155647,1.247369,-4.218447,14.879614
4.630000,-0.489708,0.489708,-2.155647,1.247369,-4.218447,14.879614
4.640000,-0.489708,0.489708,-2.155647,1.247369,-4.218447,14.879614
4.650000,-0.489708,0.489708,0.080736,1.247369,0.000000,14.879614
4.660000,-0.489708,0.489708,-0.783138,1.247369,0.000000,2.070874
4.670000,-0.489708,0.489708,-4.900665,1.247369,0.076699,2.070874
4.680000,-0.489708,0.489708,-2.894380,1.247369,-1.073787,0.843689
4.690000,-0.489708,0.489708,0.633776,1.247369,-1.227185,0.536893
4.700000,-0.489708,0.489708,0.173582,1.247369,-0.997088,0.536893
4.710000,-0.489708,0.489708,-0.052478,1.247369,-0.383495,0.536893
4.720000,-0.489708,0.489708,-0.254318,1.247369,-0.383495,1.457282
4.730000,-0.489708,0.489708,-0.230097,2.640062,-0.460194,1.840777
4.740000,-0.489708,0.489708,-0.189729,2.640062,-0.843689,1.917476
4.750000,-0.489708,0.489708,-0.698365,0.573224,-1.380583,1.687379
4.760000,-0.489708,0.489708,-0.863873,1.860961,-1.840777,1.380583
4.770000,-0.489708,0.489708,-1.198927,1.860961,-1.533981,1.840777
4.780000,-0.489708,0.489708,-0.262391,1.860961,-1.073787,1.840777
4.790000,-0.489708,0.489708,-0.250281,1.860961,-0.613592,1.840777
4.800000,-0.489708,0.489708,-0.157435,2.946858,-0.153398,1.840777
4.810000,-0.489708,0.489708,0.016147,2.442259,0.076699,2.914563
4.820000,-0.489708,0.489708,0.096883,1.538018,0.000000,2.607767
4.830000,-0.489708,0.489708,0.008074,1.606643,-0.536893,2.224272
4.840000,-0.489708,0.489708,0.012110,1.598569,-0.690291,1.917476
4.850000,-0.489708,0.489708,0.121104,1.804446,-0.460194,1.917476
4.860000,-0.489708,0.489708,0.032294,1.792335,-0.076699,2.147573
4.870000,-0.489708,0.489708,0.000000,1.594533,0.076699,2.070874
4.880000,-0.489708,0.489708,0.000000,1.542054,0.153398,1.917476
4.890000,-0.489708,0.489708,0.008074,1.190854,0.000000,1.687379
4.900000,-0.489708,0.489708,0.145324,1.190854,0.000000,1.457282
4.910000,-0.489708,0.489708,0.113030,0.980940,-0.076699,1.227185
4.920000,-0.489708,0.489708,0.092846,0.980940,-0.076699,1.227185
4.930000,-0.489708,0.489708,0.000000,0.980940,0.000000,1.227185
4.940000,-0.489708,0.489708,0.000000,0.980940,0.000000,1.227185
4.950000,-0.489708,0.489708,0.355238,0.448084,0.000000,1.227185
4.960000,-0.489708,0.489708,0.113030,0.448084,0.000000,1.227185
4.970000,-0.489708,0.489708,0.000000,0.000000,0.000000,1.227185
4.980000,-0.489708,0.489708,0.000000,0.000000,-0.076699,0.000000
4.990000,-0.489708,0.489708,0.000000,0.000000,-0.076699,0.000000
5.000000,-0.489708,0.489708,0.000000,0.000000,0.000000,0.000000
5.010000,-0.489708,0.489708,0.084773,0.000000,0.000000,0.000000
5.020000,-0.489708,0.489708,0.096883,0.000000,0.000000,0.000000
5.030000,-0.489708,0.489708,0.020184,0.000000,-0.076699,0.000000
5.040000,-0.489708,0.489708,0.000000,0.000000,0.000000,0.000000
5.050000,-0.489708,0.489708,0.024221,0.000000,0.000000,0.000000
5.060000,-0.489708,0.489708,0.355238,-0.048441,0.153398,0.000000
5.070000,-0.489708,0.489708,0.411753,-0.048441,0.230097,0.000000
5.080000,-0.489708,0.489708,0.282575,0.000000,0.306796,0.076699
5.090000,-0.489708,0.489708,0.448084,0.000000,0.306796,0.000000
5.100000,-0.489708,0.489708,0.621666,0.000000,0.153398,0.000000
5.110000,-0.489708,0.489708,0.694328,-0.008074,0.153398,0.000000
5.120000,-0.489708,0.489708,0.698365,-0.331017,0.076699,0.000000
5.130000,-0.489708,0.489708,0.653960,-0.326980,0.000000,0.000000
5.140000,-0.489708,0.489708,0.722586,-0.169545,0.076699,0.000000
5.150000,-0.489708,0.489708,0.569188,-0.064589,0.076699,0.000000
5.160000,-0.489708,0.489708,0.254318,-0.008074,0.230097,0.000000
5.170000,-0.489708,0.489708,0.080736,-0.004037,0.153398,0.000000
5.180000,-0.489708,0.489708,0.133214,-0.020184,0.230097,0.000000
5.190000,-0.489708,0.489708,0.149361,-0.028258,0.230097,0.000000
5.200000,-0.489708,0.489708,0.121104,-0.004037,0.230097,0.000000
5.210000,-0.489708,0.489708,0.201840,0.000000,0.306796,0.000000
5.220000,-0.489708,0.489708,0.246244,0.000000,0.306796,0.000000
5.230000,-0.489708,0.489708,0.246244,-0.004037,0.383495,0.000000
5.240000,-0.489708,0.489708,0.423863,-0.383495,0.460194,0.000000
5.250000,-0.489708,0.489708,0.508636,-0.609556,0.613592,0.076699
5.260000,-0.489708,0.489708,0.532856,-0.690291,0.690291,0.000000
5.270000,-0.489708,0.489708,0.339090,-0.690291,0.766990,0.076699
5.280000,-0.489708,0.489708,0.500562,-0.795248,0.766990,0.000000
5.290000,-0.489708,0.489708,0.718549,-0.726622,0.843689,0.000000
5.300000,-0.489708,0.489708,0.637813,-0.682218,0.997088,0.076699
5.310000,-0.489708,0.489708,0.867910,-0.605519,1.150486,0.153398
5.320000,-0.489708,0.489708,1.025345,-0.508636,1.303884,0.076699
5.330000,-0.489708,0.489708,0.831579,-0.117067,1.380583,0.000000
5.340000,-0.489708,0.489708,0.544967,0.000000,1.380583,0.000000
5.350000,-0.489708,0.489708,1.102044,-0.331017,1.457282,-0.153398
5.360000,-0.489708,0.489708,1.449208,-0.395606,1.687379,-0.306796
5.370000,-0.489708,0.489708,1.647011,-0.238171,1.840777,-0.230097
5.380000,-0.489708,0.489708,1.166633,-0.121104,2.224272,-0.230097
5.390000,-0.489708,0.489708,1.336178,-0.084773,2.224272,-0.383495
5.400000,-0.489708,0.489708,1.675268,-0.213950,2.377670,-0.690291
5.410000,-0.489708,0.489708,1.691416,-0.666071,2.377670,-0.690291
5.420000,-0.489708,0.489708,1.509760,-0.718549,2.454369,-0.920388
5.430000,-0.489708,0.489708,1.719673,-0.641850,2.531068,-1.073787
5.440000,-0.489708,0.489708,1.961881,-0.783138,2.607767,-1.150486
5.450000,-0.489708,0.489708,1.929586,-0.819469,2.914563,-1.227185
5.460000,-0.489708,0.489708,2.006285,-0.783138,2.761165,-1.380583
5.470000,-0.489708,0.489708,1.961881,-0.924425,3.067962,-1.380583
5.480000,-0.489708,0.489708,2.046653,-0.980940,2.914563,-1.533981
5.490000,-0.489708,0.489708,1.982065,-1.009198,2.761165,-1.610680
5.500000,-0.489708,0.489708,2.062800,-1.130302,2.684466,-1.840777
5.510000,-0.489708,0.489708,1.957844,-1.130302,2.684466,-1.840777
5.520000,-0.489708,0.489708,1.202964,-1.130302,2.837864,-1.840777
5.530000,-0.489708,0.489708,1.009198,-1.186817,2.761165,-1.917476
5.540000,-0.489708,0.489708,1.784262,-1.219111,2.761165,-1.994175
5.550000,-0.489708,0.489708,1.820593,-1.287737,2.837864,-1.994175
5.560000,-0.489708,0.489708,1.380583,-1.287737,2.761165,-1.994175
5.570000,-0.489708,0.489708,1.227185,-1.877108,2.684466,-1.994175
5.580000,-0.489708,0.489708,1.457282,-1.582422,2.454369,-1.994175
5.590000,-0.489708,0.489708,1.525907,-1.739857,2.300971,-1.994175
5.600000,-0.489708,0.489708,1.364436,-1.683342,2.224272,-1.994175
5.610000,-0.489708,0.489708,1.497650,-1.683342,2.224272,-2.300971
5.620000,-0.489708,0.489708,1.586459,-1.356362,1.917476,-2.300971
5.630000,-0.489708,0.489708,1.122228,-1.529944,1.687379,-2.224272
5.640000,-0.489708,0.489708,0.775064,-1.590496,1.610680,-2.224272
5.650000,-0.489708,0.489708,0.976904,-1.792335,1.380583,-2.224272
5.660000,-0.489708,0.489708,0.980940,-1.679305,1.533981,-2.147573
5.670000,-0.489708,0.489708,0.783138,-1.509760,1.303884,-2.070874
5.680000,-0.489708,0.489708,0.359274,-1.469392,1.227185,-2.377670
5.690000,-0.489708,0.489708,0.339090,-1.905366,0.997088,-2.607767
5.700000,-0.489708,0.489708,0.359274,-2.317118,0.766990,-2.761165
5.710000,-0.489708,0.489708,0.177619,-2.454369,0.613592,-2.914563
5.720000,-0.489708,0.489708,-0.060552,-2.466480,0.460194,-2.914563
5.730000,-0.489708,0.489708,-0.004037,-2.466480,0.383495,-2.837864
5.740000,-0.489708,0.489708,-0.012110,-2.329229,0.076699,-2.837864
5.750000,-0.489708,0.489708,0.000000,-2.401891,0.000000,-2.991263
5.760000,-0.489708,0.489708,-0.415790,-2.664282,-0.460194,-2.991263
5.770000,-0.489708,0.489708,-0.819469,-2.636025,-0.690291,-2.991263
5.780000,-0.489708,0.489708,-0.989014,-2.636025,-0.920388,-2.991263
5.790000,-0.489708,0.489708,-1.372509,-2.636025,-1.150486,-2.991263
5.800000,-0.489708,0.489708,-1.707563,-3.366684,-1.227185,-3.374758
5.810000,-0.489708,0.489708,-1.756004,-3.770363,-1.073787,-3.451457
5.820000,-0.489708,0.489708,-1.586459,-3.685591,-1.303884,-3.451457
5.830000,-0.489708,0.489708,-1.586459,-3.257691,-1.457282,-3.681554
5.840000,-0.489708,0.489708,-1.780225,-3.257691,-1.840777,-3.681554
5.850000,-0.489708,0.489708,-2.232346,-4.121564,-2.224272,-3.681554
5.860000,-0.489708,0.489708,-1.864998,-4.610016,-2.684466,-3.681554
5.870000,-0.489708,0.489708,-2.034543,-5.090394,-2.837864,-3.681554
5.880000,-0.489708,0.489708,-2.244456,-5.542515,-2.991263,-3.988350
5.890000,-0.489708,0.489708,-2.490700,-5.405264,-3.298059,-4.065049
5.900000,-0.489708,0.489708,-2.975115,-5.154983,-3.758253,-4.295146
5.910000,-0.489708,0.489708,-3.225396,-5.154983,-4.371845,-4.601942
5.920000,-0.489708,0.489708,-3.431273,-5.599030,-4.601942,-4.601942
5.930000,-0.489708,0.489708,-3.734032,-6.192438,-4.832039,-4.601942
5.940000,-0.489708,0.489708,-3.911651,-6.010783,-4.908739,-4.755340
5.950000,-0.489708,0.489708,-4.020644,-5.764538,-5.215535,-4.832039
5.960000,-0.489708,0.489708,-4.343588,-5.675729,-5.368933,-4.832039
5.970000,-0.489708,0.489708,-3.855136,-5.675729,-5.522331,-4.832039
5.980000,-0.489708,0.489708,-3.576597,-5.901789,-5.905826,-4.832039
5.990000,-0.489708,0.489708,-4.335514,-13.712981,-6.289321,-6.059224
6.000000,-0.489708,0.489708,-4.363772,-5.635361,-6.366020,-5.829127
6.010000,-0.489708,0.489708,-4.077159,-4.270925,-6.212622,-5.829127
6.020000,-0.489708,0.489708,-4.949106,-5.538478,-6.059224,-5.829127
6.030000,-0.489708,0.489708,-5.413337,-5.921973,-6.289321,-5.829127
6.040000,-0.489708,0.489708,-5.094431,-5.538478,-6.749515,-5.829127
6.050000,-0.489708,0.489708,-4.985438,-5.546552,-7.133011,-6.672816
6.060000,-0.489708,0.489708,-4.287073,-5.837201,-6.979613,-6.749515
6.070000,-0.489708,0.489708,-4.218447,-6.236843,-6.902914,-6.672816
6.080000,-0.489708,0.489708,-4.763414,-6.236843,-6.902914,-6.672816
6.090000,-0.489708,0.489708,-5.231682,-6.236843,-6.672816,-6.672816
6.100000,-0.489708,0.489708,-5.296271,-5.449669,-6.979613,-6.672816
6.110000,-0.489708,0.489708,-4.953143,-5.562699,-6.979613,-6.672816
6.120000,-0.489708,0.489708,-4.767451,-5.909863,-6.979613,-6.749515
6.130000,-0.489708,0.489708,-4.573685,-5.663619,-6.826215,-6.979613
6.140000,-0.489708,0.489708,-4.593869,-5.663619,-6.749515,-6.979613
6.150000,-0.489708,0.489708,-4.755340,-5.663619,-6.672816,-6.979613
6.160000,-0.489708,0.489708,-4.807819,-5.586920,-6.596117,-6.979613
6.170000,-0.489708,0.489708,-4.174042,-5.449669,-6.519418,-6.902914
6.180000,-0.489708,0.489708,-3.855136,-5.413337,-6.289321,-6.826215
6.190000,-0.489708,0.489708,-4.274962,-5.486000,-6.366020,-6.979613
6.200000,-0.489708,0.489708,-4.638273,-5.526368,-6.442719,-6.979613
6.210000,-0.489708,0.489708,-4.375882,-5.526368,-6.212622,-6.979613
6.220000,-0.489708,0.489708,-4.274962,-5.469853,-6.212622,-6.979613
6.230000,-0.489708,0.489708,-4.129638,-5.340675,-6.135923,-6.979613
6.240000,-0.489708,0.489708,-3.867246,-5.417374,-5.752428,-6.979613
6.250000,-0.489708,0.489708,-3.677517,-5.566736,-5.829127,-6.979613
6.260000,-0.489708,0.489708,-4.287073,-5.494073,-5.599030,-6.979613
6.270000,-0.489708,0.489708,-5.001585,-5.449669,-5.599030,-6.979613
6.280000,-0.489708,0.489708,-4.605979,-4.577722,-5.599030,-6.979613
6.290000,-0.489708,0.489708,-4.081196,-5.651508,-5.599030,-7.209710
6.300000,-0.489708,0.489708,-4.020644,-5.712060,-5.599030,-7.209710
6.310000,-0.489708,0.489708,-4.387992,-5.393154,-5.292234,-7.209710
6.320000,-0.489708,0.489708,-4.565611,-5.393154,-5.292234,-7.209710
6.330000,-0.489708,0.489708,-4.698825,-4.210374,-5.292234,-7.209710
6.340000,-0.489708,0.489708,-4.928922,-5.825090,-5.215535,-7.056312
6.350000,-0.489708,0.489708,-4.924886,-5.966378,-5.292234,-7.286409
6.360000,-0.489708,0.489708,-4.444507,-5.570772,-5.292234,-7.439807
6.370000,-0.489708,0.489708,-4.287073,-5.570772,-5.215535,-7.439807
6.380000,-0.489708,0.489708,-4.315330,-6.043077,-5.062137,-7.439807
6.390000,-0.489708,0.489708,-4.610016,-6.341800,-5.062137,-7.439807
6.400000,-0.489708,0.489708,-4.549464,-6.063261,-5.292234,-7.439807
6.410000,-0.489708,0.489708,-4.400103,-5.998672,-5.599030,-7.439807
6.420000,-0.489708,0.489708,-4.202300,-6.333726,-5.522331,-7.900001
6.430000,-0.489708,0.489708,-4.299183,-6.838325,-5.522331,-8.130098
6.440000,-0.489708,0.489708,-4.807819,-6.749515,-5.829127,-8.130098
6.450000,-0.489708,0.489708,-5.150946,-6.725295,-6.059224,-8.130098
6.460000,-0.489708,0.489708,-5.183240,-6.725295,-6.289321,-8.666991
6.470000,-0.489708,0.489708,-5.324528,-6.725295,-6.442719,-8.666991
6.480000,-0.489708,0.489708,-5.930047,-7.056312,-6.672816,-8.666991
6.490000,-0.489708,0.489708,-5.974451,-7.076496,-6.749515,-8.973788
6.500000,-0.489708,0.489708,-5.259939,-7.137047,-7.516506,-9.357283
6.510000,-0.489708,0.489708,-5.259939,-7.137047,-7.746603,-9.357283
6.520000,-0.489708,0.489708,-6.285284,-7.468064,-7.593205,-9.357283
6.530000,-0.489708,0.489708,-7.015944,-7.839449,-7.900001,-9.357283
6.540000,-0.489708,0.489708,-7.096680,-7.645683,-7.976700,-9.433982
6.550000,-0.489708,0.489708,-6.668780,-7.407512,-8.743690,-9.740778
6.560000,-0.489708,0.489708,-6.810067,-7.613389,-8.820390,-10.124273
6.570000,-0.489708,0.489708,-6.886766,-7.734493,-9.280584,-10.124273
6.580000,-0.489708,0.489708,-7.387329,-8.122025,-9.357283,-10.124273
6.590000,-0.489708,0.489708,-7.629536,-8.146245,-9.664079,-9.970875
6.600000,-0.489708,0.489708,-7.754677,-8.037252,-9.894176,-10.200972
6.610000,-0.489708,0.489708,-8.041289,-8.037252,-9.817477,-10.200972
6.620000,-0.489708,0.489708,-8.041289,-8.202760,-10.200972,-10.200972
6.630000,-0.489708,0.489708,-7.552837,-8.331938,-10.277671,-10.431069
6.640000,-0.489708,0.489708,-7.778897,-8.537814,-10.200972,-10.431069
6.650000,-0.489708,0.489708,-7.778897,-8.420747,-10.124273,-10.431069
6.660000,-0.489708,0.489708,-7.778897,-8.485336,-10.277671,-10.431069
6.670000,-0.489708,0.489708,-7.778897,-8.190650,-10.737866,-10.431069
6.680000,-0.489708,0.489708,-7.476138,-8.751764,-10.584467,-10.737866
6.690000,-0.489708,0.489708,-8.206797,-8.751764,-10.507768,-10.737866
6.700000,-0.489708,0.489708,-8.671028,-8.751764,-10.200972,-10.737866
6.710000,-0.489708,0.489708,-8.323864,-8.093767,-10.661166,-10.737866
6.720000,-0.489708,0.489708,-7.112827,-8.093767,-10.661166,-10.737866
6.730000,-0.489708,0.489708,-7.528616,-8.093767,-10.584467,-10.737866
6.740000,-0.489708,0.489708,-7.528616,-7.677978,-10.354370,-10.737866
6.750000,-0.489708,0.489708,-8.691212,-8.134135,-10.584467,-10.584467
6.760000,-0.489708,0.489708,-8.146245,-8.134135,-10.507768,-10.507768
6.770000,-0.489708,0.489708,-7.682014,-8.134135,-10.661166,-10.507768
6.780000,-0.489708,0.489708,-7.682014,-8.828463,-10.584467,-10.507768
6.790000,-0.489708,0.489708,-8.368269,-8.440931,-10.507768,-10.507768
6.800000,-0.489708,0.489708,-8.319827,-8.101841,-10.584467,-10.507768
6.810000,-0.489708,0.489708,-7.988810,-8.101841,-10.661166,-10.507768
6.820000,-0.489708,0.489708,-7.419623,-8.715433,-10.967963,-10.354370
6.830000,-0.489708,0.489708,-7.451917,-8.832500,-10.661166,-10.047574
6.840000,-0.489708,0.489708,-8.013031,-8.275423,-10.354370,-10.047574
6.850000,-0.489708,0.489708,-8.578182,-8.275423,-10.737866,-10.047574
6.860000,-0.489708,0.489708,-8.101841,-8.275423,-10.891264,-10.047574
6.870000,-0.489708,0.489708,-7.112827,-8.388453,-10.814565,-10.354370
6.880000,-0.489708,0.489708,-7.504395,-8.388453,-10.814565,-10.354370
6.890000,-0.489708,0.489708,-7.504395,-7.722382,-10.431069,-10.354370
6.900000,-0.489708,0.489708,-7.710272,-7.690088,-10.354370,-10.354370
6.910000,-0.489708,0.489708,-7.060348,-7.863670,-10.354370,-9.587380
6.920000,-0.489708,0.489708,-6.858509,-7.613389,-10.431069,-9.587380
6.930000,-0.489708,0.489708,-7.185489,-7.625499,-10.354370,-9.587380
6.940000,-0.489708,0.489708,-6.995760,-7.459991,-10.277671,-9.587380
6.950000,-0.489708,0.489708,-6.793920,-7.330813,-9.740778,-9.280584
6.960000,-0.489708,0.489708,-6.515382,-7.379255,-9.894176,-9.280584
6.970000,-0.489708,0.489708,-6.075371,-7.379255,-9.433982,-9.280584
6.980000,-0.489708,0.489708,-6.329689,-6.709148,-9.433982,-9.280584
6.990000,-0.489708,0.489708,-6.684927,-6.737405,-8.820390,-9.280584
7.000000,-0.489708,0.489708,-6.515382,-6.713184,-8.590292,-8.513593
7.010000,-0.489708,0.489708,-6.010783,-6.620338,-8.360195,-8.436894
7.020000,-0.489708,0.489708,-5.683802,-6.729332,-8.360195,-8.436894
7.030000,-0.489708,0.489708,-5.490037,-6.507308,-8.283496,-8.436894
7.040000,-0.489708,0.489708,-5.280123,-5.958304,-7.976700,-8.283496
7.050000,-0.489708,0.489708,-5.465816,-6.204549,-7.439807,-7.746603
7.060000,-0.489708,0.489708,-5.817017,-6.204549,-6.902914,-7.746603
7.070000,-0.489708,0.489708,-5.542515,-6.204549,-6.826215,-7.746603
7.080000,-0.489708,0.489708,-4.751304,-5.659582,-6.902914,-7.516506
7.090000,-0.489708,0.489708,-4.690752,-5.897752,-6.749515,-7.286409
7.100000,-0.489708,0.489708,-4.920849,-5.586920,-6.672816,-7.363108
7.110000,-0.489708,0.489708,-4.472765,-5.461779,-6.442719,-7.363108
7.120000,-0.489708,0.489708,-4.137711,-5.461779,-6.212622,-7.363108
7.130000,-0.489708,0.489708,-5.037916,-5.461779,-5.905826,-7.363108
7.140000,-0.489708,0.489708,-5.017732,-5.461779,-5.675729,-7.209710
7.150000,-0.489708,0.489708,-4.303220,-5.413337,-5.522331,-7.286409
7.160000,-0.489708,0.489708,-3.952019,-5.599030,-5.292234,-7.209710
7.170000,-0.489708,0.489708,-4.238631,-5.538478,-5.445632,-7.439807
7.180000,-0.489708,0.489708,-4.408176,-5.538478,-5.522331,-7.439807
7.190000,-0.489708,0.489708,-4.626163,-5.687839,-5.368933,-7.439807
7.200000,-0.489708,0.489708,-4.836076,-5.611140,-4.908739,-7.439807
7.210000,-0.489708,0.489708,-4.529280,-5.683802,-5.138836,-7.363108
7.220000,-0.489708,0.489708,-4.036792,-5.901789,-5.062137,-7.746603
7.230000,-0.489708,0.489708,-4.020644,-6.006746,-5.062137,-7.823302
7.240000,-0.489708,0.489708,-4.755340,-5.950231,-5.215535,-7.823302
7.250000,-0.489708,0.489708,-4.920849,-5.901789,-5.522331,-7.823302
7.260000,-0.489708,0.489708,-4.157895,-6.208585,-5.675729,-7.823302
7.270000,-0.489708,0.489708,-3.927798,-6.148034,-5.675729,-7.823302
7.280000,-0.489708,0.489708,-4.323404,-6.252990,-5.905826,-8.283496
7.290000,-0.489708,0.489708,-4.706899,-6.555749,-6.059224,-8.206797
7.300000,-0.489708,0.489708,-4.977364,-6.874656,-6.135923,-8.206797
7.310000,-0.489708,0.489708,-5.276087,-6.523455,-6.366020,-8.206797
7.320000,-0.489708,0.489708,-5.413337,-6.600154,-6.749515,-8.973788
7.330000,-0.489708,0.489708,-5.268013,-6.866582,-6.749515,-9.050487
7.340000,-0.489708,0.489708,-5.348749,-6.999797,-6.826215,-9.050487
7.350000,-0.489708,0.489708,-5.498110,-7.133011,-7.133011,-9.357283
7.360000,-0.489708,0.489708,-5.469853,-7.157231,-7.133011,-9.433982
7.370000,-0.489708,0.489708,-5.574809,-7.088606,-7.363108,-9.433982
7.380000,-0.489708,0.489708,-5.873532,-7.108790,-7.363108,-9.127186
7.390000,-0.489708,0.489708,-6.479050,-7.254114,-7.286409,-9.127186
7.400000,-0.489708,0.489708,-6.701074,-7.439807,-7.823302,-9.127186
7.410000,-0.489708,0.489708,-6.406388,-7.645683,-8.053399,-10.124273
7.420000,-0.489708,0.489708,-5.578846,-7.581095,-8.283496,-9.894176
7.430000,-0.489708,0.489708,-6.063261,-7.379255,-8.206797,-9.894176
7.440000,-0.489708,0.489708,-7.040164,-7.968627,-8.130098,-9.894176
7.450000,-0.489708,0.489708,-6.882730,-7.468064,-8.436894,-9.894176
7.460000,-0.489708,0.489708,-6.781810,-7.411549,-8.666991,-9.817477
7.470000,-0.489708,0.489708,-6.866582,-8.000921,-8.820390,-9.817477
7.480000,-0.489708,0.489708,-6.729332,-7.843486,-8.897089,-9.817477
7.490000,-0.489708,0.489708,-6.729332,-7.758713,-9.357283,-9.817477
7.500000,-0.489708,0.489708,-7.528616,-7.791008,-9.433982,-9.817477
7.510000,-0.489708,0.489708,-7.577058,-8.073583,-9.433982,-10.047574
7.520000,-0.489708,0.489708,-7.282372,-8.117988,-9.203885,-9.664079
7.530000,-0.489708,0.489708,-7.399439,-7.823302,-9.280584,-9.664079
7.540000,-0.489708,0.489708,-6.983649,-7.786971,-9.510681,-9.664079
7.550000,-0.489708,0.489708,-6.874656,-7.843486,-9.587380,-10.047574
7.560000,-0.489708,0.489708,-7.770824,-8.130098,-9.587380,-9.970875
7.570000,-0.489708,0.489708,-8.231018,-8.089730,-9.587380,-9.970875
7.580000,-0.489708,0.489708,-7.665867,-8.089730,-9.817477,-9.970875
7.590000,-0.489708,0.489708,-7.036128,-7.573021,-9.817477,-10.124273
7.600000,-0.489708,0.489708,-6.906950,-7.750640,-9.817477,-9.587380
7.610000,-0.489708,0.489708,-7.476138,-7.750640,-9.433982,-9.587380
7.620000,-0.489708,0.489708,-7.839449,-7.504395,-9.433982,-9.587380
7.630000,-0.489708,0.489708,-7.657794,-7.233930,-9.433982,-9.587380
7.640000,-0.489708,0.489708,-6.943281,-7.350997,-9.740778,-9.510681
7.650000,-0.489708,0.489708,-6.660706,-7.480175,-9.510681,-9.433982
7.660000,-0.489708,0.489708,-6.999797,-7.367145,-9.357283,-9.433982
7.670000,-0.489708,0.489708,-7.221820,-7.367145,-9.050487,-8.973788
7.680000,-0.489708,0.489708,-7.169342,-7.092643,-9.050487,-8.897089
7.690000,-0.489708,0.489708,-7.007870,-7.003833,-8.897089,-9.050487
7.700000,-0.489708,0.489708,-6.713184,-7.137047,-9.050487,-9.050487
7.710000,-0.489708,0.489708,0.472305,-7.137047,-9.050487,-9.050487
7.720000,-0.489708,0.489708,-6.588044,-7.137047,-8.820390,-9.050487
7.730000,-0.489708,0.489708,-6.588044,-7.137047,-8.436894,-9.050487
7.740000,-0.489708,0.489708,-6.923098,-6.632449,-8.360195,-8.360195
7.750000,-0.489708,0.489708,-6.923098,-6.632449,-8.590292,-8.360195
7.760000,-0.489708,0.489708,-5.921973,-6.632449,-8.897089,-8.360195
7.770000,-0.489708,0.489708,-5.861421,-6.624375,-8.743690,-8.436894
7.780000,-0.489708,0.489708,-6.475014,-6.584007,-8.360195,-8.206797
7.790000,-0.489708,0.489708,-6.680890,-6.450793,-8.053399,-7.900001
7.800000,-0.489708,0.489708,-6.341800,-6.450793,-7.823302,-7.900001
7.810000,-0.489708,0.489708,-6.152070,-6.216659,-7.976700,-7.900001
7.820000,-0.489708,0.489708,-5.433521,-6.039040,-8.206797,-7.823302
7.830000,-0.489708,0.489708,-5.098468,-5.913900,-7.900001,-7.976700
7.840000,-0.489708,0.489708,-5.457742,-5.998672,-7.516506,-7.439807
7.850000,-0.489708,0.489708,-5.994635,-5.909863,-7.209710,-6.979613
7.860000,-0.489708,0.489708,-5.788759,-5.909863,-7.516506,-7.439807
7.870000,-0.489708,0.489708,-5.599030,-5.909863,-7.516506,-7.439807
7.880000,-0.489708,0.489708,-5.554625,-5.784722,-7.286409,-7.439807
7.890000,-0.489708,0.489708,-5.300307,-5.663619,-6.902914,-6.979613
7.900000,-0.489708,0.489708,-4.719009,-5.449669,-6.826215,-6.596117
7.910000,-0.489708,0.489708,-4.492949,-5.389117,-6.442719,-6.596117
7.920000,-0.489708,0.489708,-4.585795,-5.389117,-6.442719,-6.596117
7.930000,-0.489708,0.489708,-4.783598,-4.908739,-6.366020,-6.596117
7.940000,-0.489708,0.489708,-4.747267,-4.916812,-6.135923,-6.289321
7.950000,-0.489708,0.489708,-4.517170,-4.892591,-6.135923,-6.442719
7.960000,-0.489708,0.489708,-4.484875,-4.848187,-6.059224,-5.982525
7.970000,-0.489708,0.489708,-4.315330,-4.795708,-5.752428,-5.905826
7.980000,-0.489708,0.489708,-4.125601,-4.630200,-5.599030,-5.752428
7.990000,-0.489708,0.489708,-4.056976,-4.630200,-5.599030,-5.752428
8.000000,-0.489708,0.489708,-4.190190,-4.533317,-5.292234,-5.445632
8.010000,-0.489708,0.489708,-3.729995,-4.291109,-5.368933,-5.522331
8.020000,-0.489708,0.489708,-3.616965,-4.182116,-5.292234,-5.292234
8.030000,-0.489708,0.489708,-4.032755,-4.222484,-4.985438,-5.292234
8.040000,-0.489708,0.489708,-3.947982,-4.149822,-4.755340,-5.292234
8.050000,-0.489708,0.489708,-3.721922,-4.073123,-4.755340,-5.215535
8.060000,-0.489708,0.489708,-3.120440,-4.073123,-4.908739,-5.292234
8.070000,-0.489708,0.489708,-2.890343,-4.097343,-4.678641,-5.292234
8.080000,-0.489708,0.489708,-3.047778,-4.149822,-4.448544,-5.215535
8.090000,-0.489708,0.489708,-3.164845,-3.996424,-4.295146,-4.985438
8.100000,-0.489708,0.489708,-3.253654,-3.794584,-4.218447,-4.985438
8.110000,-0.489708,0.489708,-3.140624,-3.786510,-4.141748,-4.985438
8.120000,-0.489708,0.489708,-3.281912,-4.040828,-3.988350,-4.985438
8.130000,-0.489708,0.489708,-3.407052,-4.040828,-3.988350,-4.985438
8.140000,-0.489708,0.489708,-3.326316,-3.943945,-3.911651,-4.985438
8.150000,-0.489708,0.489708,-3.330353,-3.855136,-3.834952,-5.062137
8.160000,-0.489708,0.489708,-3.189065,-3.782474,-3.834952,-4.908739
8.170000,-0.489708,0.489708,-2.514921,-3.742106,-3.758253,-4.601942
8.180000,-0.489708,0.489708,-2.159683,-3.915688,-3.758253,-4.832039
8.190000,-0.489708,0.489708,-2.486664,-3.984313,-3.604855,-4.678641
8.200000,-0.489708,0.489708,-2.902453,-3.762290,-3.758253,-4.678641
8.210000,-0.489708,0.489708,-2.611804,-3.604855,-3.758253,-4.678641
8.220000,-0.489708,0.489708,-2.664282,-3.701738,-3.681554,-4.908739
8.230000,-0.489708,0.489708,-2.902453,-3.701738,-3.528156,-4.908739
8.240000,-0.489708,0.489708,-2.910527,-3.734032,-3.528156,-4.908739
8.250000,-0.489708,0.489708,-2.805570,-3.677517,-3.604855,-4.908739
8.260000,-0.489708,0.489708,-2.757129,-3.677517,-3.681554,-4.832039
8.270000,-0.489708,0.489708,-2.837864,-3.725959,-3.528156,-4.832039
8.280000,-0.489708,0.489708,-2.910527,-3.725959,-3.451457,-4.832039
8.290000,-0.489708,0.489708,-2.918600,-3.806694,-3.528156,-4.755340
8.300000,-0.489708,0.489708,-2.910527,-3.734032,-3.451457,-4.832039
8.310000,-0.489708,0.489708,-2.664282,-3.734032,-3.681554,-4.832039
8.320000,-0.489708,0.489708,-2.539142,-3.818805,-3.604855,-4.832039
8.330000,-0.489708,0.489708,-2.845938,-3.806694,-3.681554,-4.832039
8.340000,-0.489708,0.489708,-2.636025,-3.750179,-3.681554,-4.832039
8.350000,-0.489708,0.489708,-2.583547,-3.689627,-3.758253,-4.985438
8.360000,-0.489708,0.489708,-2.833828,-3.725959,-3.834952,-4.832039
8.370000,-0.489708,0.489708,-2.906490,-3.709811,-3.834952,-4.755340
8.380000,-0.489708,0.489708,-3.055851,-3.734032,-3.911651,-4.985438
8.390000,-0.489708,0.489708,-3.205212,-3.895504,-3.988350,-5.062137
8.400000,-0.489708,0.489708,-2.858048,-3.984313,-3.988350,-5.062137
8.410000,-0.489708,0.489708,-3.027594,-3.600818,-3.834952,-5.062137
8.420000,-0.489708,0.489708,-3.479714,-3.378795,-3.834952,-4.678641
8.430000,-0.489708,0.489708,-2.906490,-3.863210,-3.604855,-4.678641
8.440000,-0.489708,0.489708,-2.684466,-3.855136,-3.834952,-4.985438
8.450000,-0.489708,0.489708,-2.595657,-3.742106,-3.834952,-4.985438
8.460000,-0.489708,0.489708,-2.696577,-3.556413,-3.758253,-4.832039
8.470000,-0.489708,0.489708,-2.765202,-4.121564,-3.834952,-4.832039
8.480000,-0.489708,0.489708,-2.922637,-3.855136,-3.834952,-4.985438
8.490000,-0.489708,0.489708,-2.894380,-3.855136,-4.065049,-4.985438
8.500000,-0.489708,0.489708,-3.092182,-3.855136,-3.988350,-4.985438
8.510000,-0.489708,0.489708,-2.902453,-3.568524,-3.988350,-4.678641
8.520000,-0.489708,0.489708,-2.599694,-3.471641,-3.911651,-4.678641
8.530000,-0.489708,0.489708,-2.660246,-3.407052,-3.834952,-4.371845
8.540000,-0.489708,0.489708,-3.354574,-3.411089,-3.834952,-4.525243
8.550000,-0.489708,0.489708,-3.451457,-3.499898,-3.911651,-4.755340
8.560000,-0.489708,0.489708,-2.894380,-3.564487,-3.911651,-4.755340
8.570000,-0.489708,0.489708,-2.894380,-3.560450,-3.834952,-4.601942
8.580000,-0.489708,0.489708,-3.027594,-3.398978,-3.451457,-4.601942
8.590000,-0.489708,0.489708,-2.579510,-3.398978,-3.604855,-4.601942
8.600000,-0.489708,0.489708,-2.119316,-3.217323,-3.604855,-4.448544
8.610000,-0.489708,0.489708,-2.401891,-3.346500,-3.681554,-4.371845
8.620000,-0.489708,0.489708,-2.958968,-3.394942,-3.758253,-4.218447
8.630000,-0.489708,0.489708,-2.809607,-3.318243,-3.681554,-4.141748
8.640000,-0.489708,0.489708,-2.345376,-3.189065,-3.604855,-4.141748
8.650000,-0.489708,0.489708,-2.518958,-3.160808,-3.528156,-4.065049
8.660000,-0.489708,0.489708,-2.930711,-3.140624,-3.374758,-4.065049
8.670000,-0.489708,0.489708,-2.882269,-3.217323,-3.374758,-3.988350
8.680000,-0.489708,0.489708,-2.777313,-3.116403,-3.528156,-4.141748
8.690000,-0.489708,0.489708,-2.837864,-3.289985,-3.528156,-4.141748
8.700000,-0.489708,0.489708,-2.805570,-3.289985,-3.451457,-4.141748
8.710000,-0.489708,0.489708,-2.761165,-3.096219,-3.298059,-3.988350
8.720000,-0.489708,0.489708,-2.765202,-3.067962,-3.451457,-3.834952
8.730000,-0.489708,0.489708,-2.535105,-3.023557,-3.298059,-3.911651
8.740000,-0.489708,0.489708,-2.268677,-3.128513,-3.374758,-3.988350
8.750000,-0.489708,0.489708,-2.147573,-3.176955,-3.374758,-3.988350
8.760000,-0.489708,0.489708,-2.196015,-3.168881,-3.298059,-3.911651
8.770000,-0.489708,0.489708,-2.442259,-3.168881,-3.374758,-3.988350
8.780000,-0.489708,0.489708,-2.583547,-3.015483,-3.298059,-3.988350
8.790000,-0.489708,0.489708,-2.539142,-3.059888,-3.374758,-3.758253
8.800000,-0.489708,0.489708,-2.781349,-3.100256,-3.451457,-3.758253
8.810000,-0.489708,0.489708,-2.555289,-3.116403,-3.451457,-3.834952
8.820000,-0.489708,0.489708,-2.615841,-3.116403,-3.374758,-3.834952
8.830000,-0.489708,0.489708,-2.704650,-2.922637,-3.374758,-3.681554
8.840000,-0.489708,0.489708,-2.623915,-2.490700,-3.298059,-3.604855
8.850000,-0.489708,0.489708,-2.288861,-2.991263,-3.221360,-3.528156
8.860000,-0.489708,0.489708,-2.260603,-3.084109,-3.221360,-3.604855
8.870000,-0.489708,0.489708,-2.785386,-2.587583,-3.221360,-3.528156
8.880000,-0.489708,0.489708,-2.732908,-2.676393,-3.067962,-3.528156
8.890000,-0.489708,0.489708,-2.276750,-3.249617,-3.067962,-3.374758
8.900000,-0.489708,0.489708,-2.187941,-2.668319,-2.991263,-3.374758
8.910000,-0.489708,0.489708,-2.103168,-2.305008,-3.067962,-3.374758
8.920000,-0.489708,0.489708,-2.103168,-2.418038,-2.914563,-3.374758
8.930000,-0.489708,0.489708,-1.957844,-2.797497,-2.914563,-3.374758
8.940000,-0.489708,0.489708,-1.921513,-2.482627,-2.837864,-3.067962
8.950000,-0.489708,0.489708,-2.022433,-2.252530,-2.837864,-3.067962
8.960000,-0.489708,0.489708,-1.953807,-2.313082,-2.607767,-2.914563
8.970000,-0.489708,0.489708,-1.917476,-2.377670,-2.531068,-2.837864
8.980000,-0.489708,0.489708,-2.022433,-2.268677,-2.607767,-2.914563
8.990000,-0.489708,0.489708,-2.046653,-2.260603,-2.531068,-2.837864
9.000000,-0.489708,0.489708,-2.034543,-2.216199,-2.531068,-2.837864
9.010000,-0.489708,0.489708,-2.119316,-2.220235,-2.454369,-2.684466
9.020000,-0.489708,0.489708,-2.087021,-2.155647,-2.454369,-2.684466
9.030000,-0.489708,0.489708,-2.070874,-2.147573,-2.300971,-2.607767
9.040000,-0.489708,0.489708,-1.969954,-2.115279,-2.454369,-2.454369
9.050000,-0.489708,0.489708,7.246041,-2.115279,-2.377670,-2.454369
9.060000,-0.489708,0.489708,-1.925550,-2.046653,-2.531068,-2.454369
9.070000,-0.489708,0.489708,-2.789423,-1.739857,-2.531068,-2.454369
9.080000,-0.489708,0.489708,-2.365560,-2.002249,-2.991263,-2.531068
9.090000,-0.489708,0.489708,-1.497650,-2.462443,-2.837864,-2.607767
9.100000,-0.489708,0.489708,-1.973991,-2.232346,-2.684466,-2.377670
9.110000,-0.489708,0.489708,-1.909402,-1.764078,-2.454369,-2.224272
9.120000,-0.489708,0.489708,-1.497650,-1.792335,-2.300971,-2.300971
9.130000,-0.489708,0.489708,-1.550128,-1.893255,-2.531068,-2.454369
9.140000,-0.489708,0.489708,-1.699489,-1.982065,-2.454369,-2.531068
9.150000,-0.489708,0.489708,-1.889218,-2.091058,-2.531068,-2.531068
9.160000,-0.489708,0.489708,-1.881145,-2.082984,-2.300971,-2.454369
9.170000,-0.489708,0.489708,-1.824630,-2.050690,-2.300971,-2.377670
9.180000,-0.489708,0.489708,-1.852887,-1.864998,-2.224272,-2.224272
9.190000,-0.489708,0.489708,-1.760041,-1.860961,-2.147573,-2.300971
9.200000,-0.489708,0.489708,-1.538018,-1.840777,-2.377670,-2.300971
9.210000,-0.489708,0.489708,-1.578385,-1.840777,-2.147573,-2.300971
9.220000,-0.489708,0.489708,-1.610680,-1.881145,-2.147573,-2.224272
9.230000,-0.489708,0.489708,-1.703526,-1.881145,-2.147573,-2.224272
9.240000,-0.489708,0.489708,-1.574349,-1.889218,-1.994175,-2.224272
9.250000,-0.489708,0.489708,-1.521870,-1.889218,-1.917476,-2.224272
9.260000,-0.489708,0.489708,-1.638937,-1.953807,-1.840777,-2.300971
9.270000,-0.489708,0.489708,-1.501686,-1.772151,-1.764078,-2.224272
9.280000,-0.489708,0.489708,-1.433061,-1.691416,-1.764078,-2.147573
9.290000,-0.489708,0.489708,-1.299847,-1.747931,-1.610680,-2.070874
9.300000,-0.489708,0.489708,-1.303884,-1.711600,-1.610680,-2.070874
9.310000,-0.489708,0.489708,-1.307920,-1.667195,-1.533981,-2.147573
9.320000,-0.489708,0.489708,-1.279663,-1.699489,-1.533981,-2.070874
9.330000,-0.489708,0.489708,-1.239295,-1.735820,-1.457282,-2.070874
9.340000,-0.489708,0.489708,-1.162596,-1.751968,-1.380583,-1.994175
9.350000,-0.489708,0.489708,-1.299847,-1.751968,-1.457282,-1.994175
9.360000,-0.489708,0.489708,-0.964793,-1.675268,-1.380583,-1.994175
9.370000,-0.489708,0.489708,-0.871947,-1.675268,-1.380583,-1.994175
9.380000,-0.489708,0.489708,-1.295810,-1.695452,-1.303884,-1.994175
9.390000,-0.489708,0.489708,-0.980940,-1.586459,-1.380583,-2.070874
9.400000,-0.489708,0.489708,-0.670107,-1.655085,-1.303884,-1.994175
9.410000,-0.489708,0.489708,-1.017271,-1.610680,-1.303884,-1.917476
9.420000,-0.489708,0.489708,-0.997088,-1.606643,-1.303884,-1.917476
9.430000,-0.489708,0.489708,-0.811395,-1.606643,-1.227185,-1.917476
9.440000,-0.489708,0.489708,-0.928462,-1.586459,-1.303884,-1.994175
9.450000,-0.489708,0.489708,-0.823505,-1.647011,-1.227185,-1.917476
9.460000,-0.489708,0.489708,-0.896168,-1.497650,-1.150486,-1.840777
9.470000,-0.489708,0.489708,-0.851763,-1.634901,-1.150486,-1.840777
9.480000,-0.489708,0.489708,-0.678181,-1.465355,-0.997088,-1.840777
9.490000,-0.489708,0.489708,-0.722586,-1.566275,-1.073787,-1.687379
9.500000,-0.489708,0.489708,-0.670107,-1.659121,-0.920388,-1.840777
9.510000,-0.489708,0.489708,-0.641850,-1.215074,-0.997088,-1.610680
9.520000,-0.489708,0.489708,-0.585335,-1.263516,-0.843689,-1.227185
9.530000,-0.489708,0.489708,-0.565151,-1.550128,-0.766990,-1.610680
9.540000,-0.489708,0.489708,-0.625703,-1.174706,-0.766990,-1.533981
9.550000,-0.489708,0.489708,-0.561114,-1.392693,-0.843689,-1.610680
9.560000,-0.489708,0.489708,-0.625703,-1.360399,-0.690291,-1.533981
9.570000,-0.489708,0.489708,-0.807358,-1.037455,-0.766990,-1.457282
9.580000,-0.489708,0.489708,-0.569188,-1.202964,-0.536893,-1.457282
9.590000,-0.489708,0.489708,-0.779101,-1.202964,-0.536893,-1.303884
9.600000,-0.489708,0.489708,-0.779101,-1.041492,-0.613592,-1.303884
9.610000,-0.489708,0.489708,-0.520746,-1.025345,-0.690291,-1.457282
9.620000,-0.489708,0.489708,-0.500562,-1.231221,-0.536893,-1.457282
9.630000,-0.489708,0.489708,-0.544967,-1.146449,-0.613592,-1.303884
9.640000,-0.489708,0.489708,-0.629739,-0.940572,-0.536893,-1.380583
9.650000,-0.489708,0.489708,-0.799285,-1.077823,-0.613592,-1.380583
9.660000,-0.489708,0.489708,-0.411753,-1.142412,-0.690291,-1.303884
9.670000,-0.489708,0.489708,-0.363311,-1.146449,-0.843689,-1.303884
9.680000,-0.489708,0.489708,-0.625703,-1.154522,-0.843689,-1.380583
9.690000,-0.489708,0.489708,-0.766990,-0.993051,-0.766990,-1.303884
9.700000,-0.489708,0.489708,-0.702402,-1.190854,-0.766990,-1.227185
9.710000,-0.489708,0.489708,-0.791211,-1.182780,-0.690291,-1.227185
9.720000,-0.489708,0.489708,-0.496525,-0.924425,-0.843689,-1.303884
9.730000,-0.489708,0.489708,-0.544967,-1.033419,-0.766990,-1.303884
9.740000,-0.489708,0.489708,-0.589372,-1.130302,-0.843689,-1.303884
9.750000,-0.489708,0.489708,-0.565151,-1.057639,-0.690291,-1.380583
9.760000,-0.489708,0.489708,-0.553040,-1.009198,-0.690291,-1.303884
9.770000,-0.489708,0.489708,-0.524783,-1.089934,-0.613592,-1.303884
9.780000,-0.489708,0.489708,-0.540930,-1.194890,-0.536893,-1.380583
9.790000,-0.489708,0.489708,-0.540930,-1.069750,-0.536893,-1.380583
9.800000,-0.489708,0.489708,-0.456157,-1.182780,-0.613592,-1.457282
9.810000,-0.489708,0.489708,-0.496525,-1.380583,-0.690291,-1.457282
9.820000,-0.489708,0.489708,-0.561114,-1.332141,-0.690291,-1.380583
9.830000,-0.489708,0.489708,-0.609556,-1.420951,-0.613592,-1.303884
9.840000,-0.489708,0.489708,-0.662034,-1.449208,-0.766990,-1.380583
9.850000,-0.489708,0.489708,-0.742770,-1.311957,-0.766990,-1.380583
9.860000,-0.489708,0.489708,-0.859837,-1.275626,-0.997088,-1.380583
9.870000,-0.489708,0.489708,-0.698365,2.268677,-0.997088,-1.380583
9.880000,-0.489708,0.489708,-1.081860,-1.533981,-1.150486,-1.533981
9.890000,-0.489708,0.489708,-0.944609,-1.953807,-1.150486,-1.610680
9.900000,-0.489708,0.489708,-0.718549,-1.598569,-1.150486,-1.610680
9.910000,-0.489708,0.489708,-0.904241,-1.311957,-1.227185,-1.533981
9.920000,-0.489708,0.489708,-1.081860,-1.328104,-1.150486,-1.533981
9.930000,-0.489708,0.489708,-0.916352,-1.380583,-1.227185,-1.533981
9.940000,-0.489708,0.489708,-0.928462,-1.243332,-1.303884,-1.610680
9.950000,-0.489708,0.489708,-1.001124,-1.332141,-1.380583,-1.610680
9.960000,-0.489708,0.489708,-0.904241,-1.416914,-1.303884,-1.533981
9.970000,-0.489708,0.489708,-0.331017,-1.263516,-1.380583,-1.687379
9.980000,-0.489708,0.489708,-0.181656,-1.219111,-1.303884,-1.533981
9.990000,-0.489708,0.489708,-0.605519,-1.283700,-1.227185,-1.610680
10.000000,-0.489708,0.489708,-0.645887,-1.400767,-1.227185,-1.533981
10.010000,-0.489708,0.489708,-0.625703,-1.106081,-1.227185,-1.610680
10.020000,-0.489708,0.489708,-0.577261,-1.271589,-1.227185,-1.457282
10.030000,-0.489708,0.489708,-0.104957,-1.433061,-1.227185,-1.533981
10.040000,-0.489708,0.489708,-0.012110,-1.081860,-1.303884,-1.457282
10.050000,-0.489708,0.489708,-0.306796,-1.162596,-1.303884,-1.457282
10.060000,-0.489708,0.489708,-0.520746,-1.505723,-1.303884,-1.533981
10.070000,-0.489708,0.489708,-0.754880,-1.299847,-1.227185,-1.457282
10.080000,-0.489708,0.489708,-0.431937,-1.400767,-1.227185,-1.533981
10.090000,-0.489708,0.489708,-0.440010,-1.328104,-0.997088,-1.457282
10.100000,-0.489708,0.489708,-0.839653,-0.989014,-0.843689,-1.380583
10.110000,-0.489708,0.489708,-0.561114,-1.009198,-0.766990,-1.303884
10.120000,-0.489708,0.489708,-0.456157,-1.336178,-0.613592,-1.303884
10.130000,-0.489708,0.489708,-0.528820,-1.396730,-0.613592,-1.457282
10.140000,-0.489708,0.489708,-0.549004,-0.984977,-0.460194,-1.533981
10.150000,-0.489708,0.489708,-0.367348,-1.053603,-0.306796,-1.380583
10.160000,-0.489708,0.489708,-0.230097,-1.396730,0.000000,-1.380583
10.170000,-0.489708,0.489708,-0.173582,-0.807358,0.000000,-1.380583
10.180000,-0.489708,0.489708,-0.173582,-0.807358,-0.153398,-1.380583
10.190000,-0.489708,0.489708,-0.173582,-9.833624,-0.153398,-1.380583
10.200000,-0.489708,0.489708,-0.254318,-1.114154,-0.306796,-1.380583
10.210000,-0.489708,0.489708,0.032294,-1.114154,-0.306796,-1.150486
10.220000,-0.489708,0.489708,-0.153398,-1.154522,-0.153398,-0.690291
10.230000,-0.489708,0.489708,-0.121104,-0.807358,-0.153398,-0.613592
10.240000,-0.489708,0.489708,-0.306796,-0.807358,-0.536893,-0.766990
10.250000,-0.489708,0.489708,-0.153398,-0.855800,-0.613592,-0.766990
10.260000,-0.489708,0.489708,-0.173582,-0.811395,-0.460194,-0.690291
10.270000,-0.489708,0.489708,-0.339090,-0.500562,-0.306796,-0.613592
10.280000,-0.489708,0.489708,-0.230097,-0.516709,-0.153398,-0.460194
10.290000,-0.489708,0.489708,-0.133214,-0.419826,-0.153398,-0.536893
10.300000,-0.489708,0.489708,-0.145324,-0.431937,-0.230097,-0.613592
10.310000,-0.489708,0.489708,-0.217987,-0.484415,-0.230097,-0.613592
10.320000,-0.489708,0.489708,-0.234134,-0.468268,-0.230097,-0.613592
10.330000,-0.489708,0.489708,-0.331017,-0.536893,-0.153398,-0.536893
10.340000,-0.489708,0.489708,-0.395606,-0.431937,-0.306796,-0.536893
10.350000,-0.489708,0.489708,-0.104957,-0.512673,-0.230097,-0.536893
10.360000,-0.489708,0.489708,-0.020184,-0.476341,-0.230097,-0.460194
10.370000,-0.489708,0.489708,-0.092846,-0.419826,-0.230097,-0.460194
10.380000,-0.489708,0.489708,-0.149361,-0.314870,-0.230097,-0.536893
10.390000,-0.489708,0.489708,-0.153398,-0.335054,-0.153398,-0.383495
10.400000,-0.489708,0.489708,-0.149361,-0.387532,-0.230097,-0.460194
10.410000,-0.489708,0.489708,-0.141288,-0.387532,-0.153398,-0.460194
10.420000,-0.489708,0.489708,-0.121104,-0.391569,-0.076699,-0.383495
10.430000,-0.489708,0.489708,-0.096883,-0.286612,-0.076699,-0.383495
10.440000,-0.489708,0.489708,-0.084773,-0.185692,-0.076699,-0.306796
10.450000,-0.489708,0.489708,-0.129177,-0.371385,0.000000,-0.230097
10.460000,-0.489708,0.489708,-0.492489,-0.157435,-0.153398,-0.383495
10.470000,-0.489708,0.489708,-0.653960,-0.113030,-0.153398,-0.230097
10.480000,-0.489708,0.489708,-0.423863,-0.238171,-0.076699,-0.306796
10.490000,-0.489708,0.489708,-0.343127,-0.238171,-0.153398,-0.153398
10.500000,-0.489708,0.489708,-0.387532,-0.153398,-0.153398,-0.230097
10.510000,-0.489708,0.489708,-0.448084,-0.121104,-0.076699,-0.230097
10.520000,-0.489708,0.489708,-0.448084,-0.149361,-0.153398,-0.230097
10.530000,-0.489708,0.489708,-0.359274,-0.339090,-0.153398,-0.153398
10.540000,-0.489708,0.489708,-0.157435,-0.585335,-0.153398,-0.383495
10.550000,-0.489708,0.489708,0.000000,-0.504599,-0.230097,-0.383495
10.560000,-0.489708,0.489708,0.000000,-0.504599,-0.230097,-0.536893
10.570000,-0.489708,0.489708,0.000000,-0.500562,-0.230097,-0.383495
10.580000,-0.489708,0.489708,-0.012110,-0.444047,-0.153398,-0.460194
10.590000,-0.489708,0.489708,-0.117067,-0.318907,-0.153398,-0.460194
10.600000,-0.489708,0.489708,-0.464231,-0.165508,-0.230097,-0.383495
10.610000,-0.489708,0.489708,-0.399642,-0.165508,-0.306796,-0.460194
10.620000,-0.489708,0.489708,-0.084773,-0.165508,-0.306796,-0.460194
10.630000,-0.489708,0.489708,0.000000,-0.892131,-0.460194,-0.690291
10.640000,-0.489708,0.489708,0.000000,-0.956720,-0.460194,-0.766990
10.650000,-0.489708,0.489708,-0.036331,-0.880021,-0.306796,-0.843689
10.660000,-0.489708,0.489708,-0.008074,-0.698365,-0.230097,-0.843689
10.670000,-0.489708,0.489708,-0.008074,-0.758917,-0.230097,-0.843689
10.680000,-0.489708,0.489708,0.000000,-0.549004,-0.383495,-0.843689
10.690000,-0.489708,0.489708,-0.016147,-0.670107,-0.536893,-0.843689
10.700000,-0.489708,0.489708,-0.113030,-1.049566,-0.460194,-0.766990
10.710000,-0.489708,0.489708,-0.302759,-1.009198,-0.383495,-0.843689
10.720000,-0.489708,0.489708,-0.351201,-0.710475,-0.306796,-0.843689
10.730000,-0.489708,0.489708,-0.395606,-0.750843,-0.306796,-0.920388
10.740000,-0.489708,0.489708,-0.383495,-0.835616,-0.383495,-0.997088
10.750000,-0.489708,0.489708,-0.322943,-0.799285,-0.460194,-0.920388
10.760000,-0.489708,0.489708,-0.242207,-0.944609,-0.383495,-0.843689
10.770000,-0.489708,0.489708,-0.258355,-0.944609,-0.306796,-0.843689
10.780000,-0.489708,0.489708,-0.318907,-0.799285,-0.383495,-0.843689
10.790000,-0.489708,0.489708,-0.250281,-0.871947,-0.383495,-0.843689
10.800000,-0.489708,0.489708,-0.278539,-0.706439,-0.383495,-0.843689
10.810000,-0.489708,0.489708,-0.351201,-0.698365,-0.306796,-0.920388
10.820000,-0.489708,0.489708,-0.351201,-0.678181,-0.306796,-0.920388
10.830000,-0.489708,0.489708,-0.286612,-0.791211,-0.383495,-0.920388
10.840000,-0.489708,0.489708,-0.343127,-0.718549,-0.383495,-0.843689
10.850000,-0.489708,0.489708,-0.431937,-0.670107,-0.460194,-0.843689
10.860000,-0.489708,0.489708,-0.492489,-0.278539,-0.306796,-0.766990
10.870000,-0.489708,0.489708,-0.557077,-0.569188,-0.383495,-0.536893
10.880000,-0.489708,0.489708,-0.222024,-1.110118,-0.306796,-0.690291
10.890000,-0.489708,0.489708,-0.012110,-0.633776,-0.536893,-0.920388
10.900000,-0.489708,0.489708,-0.129177,-0.484415,-0.536893,-0.920388
10.910000,-0.489708,0.489708,-0.440010,-0.851763,-0.383495,-0.690291
10.920000,-0.489708,0.489708,-0.415790,-0.851763,-0.230097,-0.766990
10.930000,-0.489708,0.489708,-0.403679,-0.468268,-0.460194,-0.920388
10.940000,-0.489708,0.489708,-0.242207,-0.843689,-0.383495,-0.843689
10.950000,-0.489708,0.489708,0.173582,-1.126265,-0.383495,-0.997088
10.960000,-0.489708,0.489708,-0.222024,-0.605519,-0.383495,-0.843689
10.970000,-0.489708,0.489708,-0.217987,-0.581298,-0.230097,-0.920388
10.980000,-0.489708,0.489708,-0.108993,-0.633776,-0.153398,-0.766990
10.990000,-0.489708,0.489708,-0.246244,-0.633776,-0.230097,-0.843689
11.000000,-0.489708,0.489708,-0.024221,-0.803322,-0.230097,-0.920388
11.010000,-0.489708,0.489708,-0.008074,-0.520746,-0.230097,-0.920388
11.020000,-0.489708,0.489708,-0.048441,-0.589372,0.000000,-0.766990
11.030000,-0.489708,0.489708,-0.012110,-0.649923,-0.076699,-0.690291
11.040000,-0.489708,0.489708,-0.185692,-0.649923,0.000000,-0.690291
11.050000,-0.489708,0.489708,-0.262391,-0.565151,-0.153398,-0.766990
11.060000,-0.489708,0.489708,0.028258,-0.787174,-0.153398,-0.766990
11.070000,-0.489708,0.489708,-0.024221,-0.331017,-0.076699,-0.613592
11.080000,-0.489708,0.489708,-0.008074,-0.597445,-0.076699,-0.536893
11.090000,-0.489708,0.489708,-0.092846,-0.863873,0.000000,-0.613592
11.100000,-0.489708,0.489708,-0.104957,-0.472305,-0.076699,-0.613592
11.110000,-0.489708,0.489708,0.000000,-0.674144,-0.153398,-0.690291
11.120000,-0.489708,0.489708,-0.072662,-0.795248,-0.076699,-0.613592
11.130000,-0.489708,0.489708,-0.468268,-0.028258,-0.076699,-0.613592
11.140000,-0.489708,0.489708,-0.347164,-0.415790,-0.076699,-0.230097
11.150000,-0.489708,0.489708,0.121104,-1.118191,-0.153398,-0.460194
11.160000,-0.489708,0.489708,0.133214,-0.754880,-0.306796,-0.690291
11.170000,-0.489708,0.489708,-0.004037,-0.544967,-0.153398,-0.536893
11.180000,-0.489708,0.489708,-0.181656,-0.496525,0.000000,-0.460194
11.190000,-0.489708,0.489708,-0.060552,-0.359274,0.000000,-0.613592
11.200000,-0.489708,0.489708,-0.222024,0.912315,-0.076699,-0.383495
11.210000,-0.489708,0.489708,-0.032294,0.411753,0.000000,0.000000
11.220000,-0.489708,0.489708,0.000000,0.096883,0.000000,0.076699
11.230000,-0.489708,0.489708,0.000000,0.121104,0.000000,0.000000
11.240000,-0.489708,0.489708,-0.004037,0.129177,-0.076699,0.076699
11.250000,-0.489708,0.489708,-0.008074,0.117067,-0.076699,0.076699
11.260000,-0.489708,0.489708,0.000000,0.141288,0.230097,0.306796
11.270000,-0.489708,0.489708,0.000000,0.141288,0.383495,0.306796
11.280000,-0.489708,0.489708,0.060552,0.193766,0.383495,0.230097
11.290000,-0.489708,0.489708,0.096883,0.173582,0.230097,0.076699
11.300000,-0.489708,0.489708,0.068625,0.121104,0.153398,0.076699
11.310000,-0.489708,0.489708,0.028258,0.084773,0.000000,0.076699
11.320000,-0.489708,0.489708,0.020184,0.072662,0.000000,0.076699
11.330000,-0.489708,0.489708,0.000000,0.072662,0.000000,0.076699
11.340000,-0.489708,0.489708,0.004037,0.056515,0.000000,0.000000
11.350000,-0.489708,0.489708,0.004037,0.016147,0.000000,0.000000
11.360000,-0.489708,0.489708,0.000000,0.000000,-0.153398,0.000000
11.370000,-0.489708,0.489708,0.000000,0.000000,-0.076699,0.000000
11.380000,-0.489708,0.489708,0.000000,0.000000,0.000000,0.000000
11.390000,-0.489708,0.489708,0.000000,0.000000,0.000000,0.000000
11.400000,-0.489708,0.489708,0.000000,0.000000,0.000000,0.000000
11.410000,-0.489708,0.489708,0.000000,0.004037,0.000000,0.000000
11.420000,-0.489708,0.489708,0.000000,0.004037,0.000000,0.000000
11.430000,-0.489708,0.489708,0.000000,0.016147,0.000000,0.076699
11.440000,-0.489708,0.489708,0.000000,0.020184,0.076699,0.000000
11.450000,-0.489708,0.489708,0.000000,0.020184,0.000000,0.000000
11.460000,-0.489708,0.489708,0.000000,0.008074,0.000000,0.000000
11.470000,-0.489708,0.489708,0.000000,0.004037,0.076699,0.000000
11.480000,-0.489708,0.489708,0.000000,0.000000,0.000000,0.000000
11.490000,-0.489708,0.489708,0.000000,0.000000,0.000000,0.000000
11.500000,-0.489708,0.489708,0.000000,0.004037,0.000000,0.000000
11.510000,-0.489708,0.489708,0.000000,0.000000,0.000000,0.000000
11.520000,-0.489708,0.489708,0.000000,0.000000,-0.076699,0.000000
11.530000,-0.489708,0.489708,0.000000,0.000000,0.000000,0.000000
11.540000,-0.489708,0.489708,0.000000,0.000000,0.000000,0.000000
11.550000,-0.489708,0.489708,0.000000,0.000000,0.000000,0.000000
11.560000,-0.489708,0.489708,0.000000,0.000000,0.000000,0.000000
11.570000,-0.489708,0.489708,0.000000,0.004037,0.000000,0.000000
11.580000,-0.489708,0.489708,0.000000,0.004037,0.000000,0.000000
11.590000,-0.489708,0.489708,0.000000,0.008074,0.000000,0.000000
11.600000,-0.489708,0.489708,0.000000,0.008074,0.000000,0.000000
11.610000,-0.489708,0.489708,0.000000,0.008074,0.000000,0.076699
11.620000,-0.489708,0.489708,0.000000,0.004037,0.000000,0.000000
11.630000,-0.489708,0.489708,0.000000,0.000000,0.000000,0.000000
11.640000,-0.489708,0.489708,0.000000,0.000000,0.000000,0.000000
11.650000,-0.489708,0.489708,0.000000,0.000000,0.000000,0.000000
11.660000,-0.489708,0.489708,0.000000,0.000000,0.000000,0.000000
11.670000,-0.489708,0.489708,0.000000,0.000000,0.000000,0.000000
11.680000,-0.489708,0.489708,0.000000,0.000000,0.000000,0.000000
11.690000,-0.489708,0.489708,0.000000,0.000000,0.000000,0.000000
11.700000,-0.489708,0.489708,0.000000,0.004037,0.000000,0.000000
11.710000,-0.489708,0.489708,0.000000,0.004037,0.000000,0.000000
11.720000,-0.489708,0.489708,0.000000,0.004037,0.000000,0.000000
11.730000,-0.489708,0.489708,0.000000,0.008074,0.000000,0.000000
11.740000,-0.489708,0.489708,0.000000,0.000000,0.000000,0.000000
11.750000,-0.489708,0.489708,0.000000,0.000000,0.000000,0.000000
11.760000,-0.489708,0.489708,0.000000,0.000000,0.000000,0.000000
11.770000,-0.489708,0.489708,0.000000,0.000000,0.000000,0.000000
11.780000,-0.489708,0.489708,0.000000,0.000000,0.000000,0.000000
11.790000,-0.489708,0.489708,0.000000,0.000000,0.000000,0.000000
11.800000,-0.489708,0.489708,0.000000,0.000000,0.000000,0.000000
11.810000,-0.489708,0.489708,0.000000,0.000000,0.000000,0.000000
11.820000,-0.489708,0.489708,0.000000,0.000000,0.000000,0.000000
11.830000,-0.489708,0.489708,0.000000,0.000000,0.000000,0.000000
11.840000,-0.489708,0.489708,0.000000,0.000000,0.000000,0.000000
11.850000,-0.489708,0.489708,0.000000,0.004037,0.000000,0.000000
11.860000,-0.489708,0.489708,0.000000,0.000000,0.000000,0.000000
11.870000,-0.489708,0.489708,0.000000,0.004037,0.000000,0.000000
11.880000,-0.489708,0.489708,0.000000,0.000000,0.000000,0.000000
11.890000,-0.489708,0.489708,0.000000,0.000000,0.000000,0.000000
11.900000,-0.489708,0.489708,0.000000,0.004037,0.000000,0.000000
11.910000,-0.489708,0.489708,0.000000,0.000000,0.000000,0.000000
11.920000,-0.489708,0.489708,0.000000,0.000000,0.000000,0.000000
11.930000,-0.489708,0.489708,0.000000,0.000000,0.000000,0.000000
11.940000,-0.489708,0.489708,0.000000,0.000000,0.000000,0.000000
11.950000,-0.489708,0.489708,0.000000,0.000000,0.000000,0.000000
11.960000,-0.489708,0.489708,0.000000,0.000000,0.000000,0.000000
11.970000,-0.489708,0.489708,0.000000,0.000000,0.000000,0.000000
11.980000,-0.489708,0.489708,0.000000,0.000000,0.000000,0.000000
11.990000,-0.489708,0.489708,0.000000,0.000000,0.000000,0.000000
12.000000,-0.489708,0.489708,0.000000,0.000000,0.000000,0.000000
12.010000,-0.489708,0.489708,0.000000,0.000000,0.000000,0.000000
12.020000,-0.489708,0.489708,0.000000,0.004037,0.000000,0.000000
12.030000,-0.489708,0.489708,0.000000,0.000000,0.000000,0.000000
12.040000,-0.489708,0.489708,0.000000,0.000000,0.000000,0.000000
12.050000,-0.489708,0.489708,0.000000,0.000000,0.000000,0.000000
12.060000,-0.489708,0.489708,0.000000,0.000000,0.000000,0.000000
12.070000,-0.489708,0.489708,0.000000,0.000000,0.000000,0.000000
12.080000,-0.489708,0.489708,0.000000,0.000000,0.000000,0.000000
12.090000,-0.489708,0.489708,0.000000,0.000000,0.000000,0.000000
12.100000,-0.489708,0.489708,0.000000,0.000000,0.000000,0.000000
12.110000,-0.489708,0.489708,0.000000,0.000000,0.000000,0.000000
12.120000,-0.489708,0.489708,0.000000,0.000000,0.000000,0.000000
12.130000,-0.489708,0.489708,0.000000,0.000000,0.000000,0.000000
12.140000,-0.489708,0.489708,0.000000,0.000000,0.000000,0.000000
12.150000,-0.489708,0.489708,0.000000,0.004037,0.000000,0.000000
12.160000,-0.489708,0.489708,0.000000,0.000000,0.000000,0.000000
12.170000,-0.489708,0.489708,0.000000,0.000000,0.000000,0.000000
12.180000,-0.489708,0.489708,0.000000,0.000000,0.000000,0.000000
12.190000,-0.489708,0.489708,0.000000,0.000000,0.000000,0.000000
12.200000,-0.489708,0.489708,0.000000,0.000000,0.000000,0.000000
12.210000,-0.489708,0.489708,0.000000,0.000000,0.000000,0.000000
12.220000,-0.489708,0.489708,0.000000,0.000000,0.000000,0.000000
12.230000,-0.489708,0.489708,0.000000,0.000000,0.000000,0.000000
12.240000,-0.489708,0.489708,0.000000,0.000000,0.000000,0.000000
12.250000,-0.489708,0.489708,0.000000,0.000000,0.000000,0.000000
12.260000,-0.489708,0.489708,0.000000,0.000000,0.000000,0.000000
12.270000,-0.489708,0.489708,0.000000,0.000000,0.000000,0.000000
12.280000,-0.489708,0.489708,0.000000,0.004037,0.000000,0.000000
12.290000,-0.489708,0.489708,0.000000,0.000000,0.000000,0.000000
12.300000,-0.489708,0.489708,0.000000,0.000000,0.000000,0.000000
12.310000,-0.489708,0.489708,0.000000,0.000000,0.000000,0.000000
12.320000,-0.489708,0.489708,0.000000,0.000000,0.000000,0.000000
12.330000,-0.489708,0.489708,0.000000,0.000000,0.000000,0.000000
12.340000,-0.489708,0.489708,0.000000,0.004037,0.000000,0.000000
12.350000,-0.489708,0.489708,0.000000,0.000000,0.000000,0.000000
12.360000,-0.489708,0.489708,0.000000,0.000000,0.000000,0.000000
12.370000,-0.489708,0.489708,0.000000,0.000000,0.000000,0.000000
12.380000,-0.489708,0.489708,0.000000,0.000000,0.000000,0.000000
12.390000,-0.489708,0.489708,0.000000,0.000000,0.000000,0.000000
12.400000,-0.489708,0.489708,0.000000,0.000000,0.000000,0.000000
12.410000,-0.489708,0.489708,0.000000,0.000000,0.000000,0.000000
12.420000,-0.489708,0.489708,0.000000,0.000000,0.000000,0.000000
12.430000,-0.489708,0.489708,0.000000,0.000000,0.000000,0.000000
12.440000,-0.489708,0.489708,0.000000,0.000000,0.000000,0.000000
12.450000,-0.489708,0.489708,0.000000,0.000000,0.000000,0.000000
12.460000,-0.489708,0.489708,0.000000,0.000000,0.000000,0.000000
12.470000,-0.489708,0.489708,0.000000,0.000000,0.000000,0.000000
12.480000,-0.489708,0.489708,0.000000,0.000000,0.000000,0.000000
12.490000,-0.489708,0.489708,0.000000,0.000000,0.000000,0.000000
12.500000,-0.489708,0.489708,0.000000,0.000000,0.000000,0.000000
12.510000,-0.489708,0.489708,0.000000,0.000000,0.000000,0.000000
12.520000,-0.489708,0.489708,0.000000,0.000000,0.000000,0.000000
12.530000,-0.489708,0.489708,0.000000,0.000000,0.000000,0.000000
12.540000,-0.489708,0.489708,0.000000,0.000000,0.000000,0.000000
12.550000,-0.489708,0.489708,0.000000,0.000000,0.000000,0.000000
12.560000,-0.489708,0.489708,0.000000,0.000000,0.000000,0.000000
12.570000,-0.489708,0.489708,0.000000,0.000000,0.000000,0.000000
12.580000,-0.489708,0.489708,0.000000,0.000000,0.000000,0.000000
12.590000,-0.489708,0.489708,0.000000,0.004037,0.000000,0.000000
12.600000,-0.489708,0.489708,0.000000,0.000000,0.000000,0.000000
12.610000,-0.489708,0.489708,0.000000,0.000000,0.000000,0.000000
12.620000,-0.489708,0.489708,0.000000,0.000000,0.000000,0.000000
12.630000,-0.489708,0.489708,0.000000,0.000000,0.000000,0.000000
12.640000,-0.489708,0.489708,0.000000,0.000000,0.000000,0.000000
12.650000,-0.489708,0.489708,0.000000,0.000000,0.000000,0.000000
12.660000,-0.489708,0.489708,0.000000,0.000000,0.000000,0.000000
12.670000,-0.489708,0.489708,0.000000,0.000000,0.000000,0.000000
12.680000,-0.489708,0.489708,0.000000,0.000000,0.000000,0.000000
12.690000,-0.489708,0.489708,0.000000,0.000000,0.000000,0.000000
12.700000,-0.489708,0.489708,0.000000,0.000000,0.000000,0.000000
12.710000,-0.489708,0.489708,0.000000,0.000000,0.000000,0.000000
12.720000,-0.489708,0.489708,0.000000,0.000000,0.000000,0.000000
12.730000,-0.489708,0.489708,0.000000,0.000000,0.000000,0.000000
12.740000,-0.489708,0.489708,0.000000,0.000000,0.000000,0.000000
12.750000,-0.489708,0.489708,0.000000,0.000000,0.000000,0.000000
12.760000,-0.489708,0.489708,0.000000,0.000000,0.000000,0.000000
12.770000,-0.489708,0.489708,0.000000,0.000000,0.000000,0.000000
12.780000,-0.489708,0.489708,0.000000,0.000000,0.000000,0.000000
12.790000,-0.489708,0.489708,0.000000,0.000000,0.000000,0.000000
12.800000,-0.489708,0.489708,0.000000,0.000000,0.000000,0.000000
12.810000,-0.489708,0.489708,0.000000,0.000000,0.000000,0.000000
12.820000,-0.489708,0.489708,0.000000,0.000000,0.000000,0.000000
12.830000,-0.489708,0.489708,0.000000,0.000000,0.000000,0.000000
12.840000,-0.489708,0.489708,0.000000,0.000000,0.000000,0.000000
12.850000,-0.489708,0.489708,0.000000,0.000000,0.000000,0.000000
12.860000,-0.489708,0.489708,0.000000,0.000000,0.000000,0.000000
12.870000,-0.489708,0.489708,0.000000,0.000000,0.000000,0.000000
12.880000,-0.489708,0.489708,0.000000,0.000000,0.000000,0.000000
12.890000,-0.489708,0.489708,0.000000,0.000000,0.000000,0.000000
12.900000,-0.489708,0.489708,0.000000,0.000000,0.000000,0.000000
12.910000,-0.489708,0.489708,0.000000,0.000000,0.000000,0.000000
12.920000,-0.489708,0.489708,0.000000,0.000000,0.000000,0.000000
12.930000,-0.489708,0.489708,0.000000,0.000000,0.000000,0.000000
12.940000,-0.489708,0.489708,0.000000,0.000000,0.000000,0.000000
12.950000,-0.489708,0.489708,0.000000,0.000000,0.000000,0.000000
12.960000,-0.489708,0.489708,0.000000,0.000000,0.000000,0.000000
12.970000,-0.489708,0.489708,0.000000,0.000000,0.000000,0.000000
12.980000,-0.489708,0.489708,0.000000,0.000000,0.000000,0.000000
12.990000,-0.489708,0.489708,0.000000,0.000000,0.000000,0.000000
13.000000,-0.489708,0.489708,0.000000,0.000000,0.000000,0.000000
13.010000,-0.489708,0.489708,0.000000,0.000000,0.000000,0.000000
13.020000,-0.489708,0.489708,0.000000,0.000000,0.000000,0.000000
13.030000,-0.489708,0.489708,0.000000,0.000000,0.000000,0.000000
13.040000,-0.489708,0.489708,0.000000,0.000000,0.000000,0.000000
13.050000,-0.489708,0.489708,0.000000,0.000000,0.000000,0.000000
13.060000,-0.489708,0.489708,0.000000,0.000000,0.000000,0.000000
13.070000,-0.489708,0.489708,0.000000,0.000000,0.000000,0.000000
13.080000,-0.489708,0.489708,0.000000,0.000000,0.000000,0.000000
13.090000,-0.489708,0.489708,0.000000,0.000000,0.000000,0.000000
13.100000,-0.489708,0.489708,0.000000,0.000000,0.000000,0.000000
13.110000,-0.489708,0.489708,0.000000,0.000000,0.000000,0.000000
13.120000,-0.489708,0.489708,0.000000,0.000000,0.000000,0.000000
13.130000,-0.489708,0.489708,0.000000,0.000000,0.000000,0.000000
13.140000,-0.489708,0.489708,0.000000,0.000000,0.000000,0.000000
13.150000,-0.489708,0.489708,0.000000,0.000000,0.000000,0.000000
13.160000,-0.489708,0.489708,0.000000,0.000000,0.000000,0.000000
13.170000,-0.489708,0.489708,0.000000,0.000000,0.000000,0.000000
13.180000,-0.489708,0.489708,0.000000,0.000000,0.000000,0.000000
13.190000,-0.489708,0.489708,0.000000,0.000000,0.000000,0.000000
13.200000,-0.489708,0.489708,0.000000,0.000000,0.000000,0.000000
13.210000,-0.489708,0.489708,0.000000,0.000000,0.000000,0.000000
13.220000,-0.489708,0.489708,0.000000,0.000000,0.000000,0.000000
13.230000,-0.489708,0.489708,0.000000,0.000000,0.000000,0.000000
13.240000,-0.489708,0.489708,0.000000,0.000000,0.000000,0.000000
13.250000,-0.489708,0.489708,0.000000,0.000000,0.000000,0.000000
13.260000,-0.489708,0.489708,0.000000,0.000000,0.000000,0.000000
13.270000,-0.489708,0.489708,0.000000,0.000000,0.000000,0.000000
13.280000,-0.489708,0.489708,0.000000,0.000000,0.000000,0.000000
13.290000,-0.489708,0.489708,0.000000,0.000000,0.000000,0.000000
13.300000,-0.489708,0.489708,0.000000,0.000000,0.000000,0.000000
13.310000,-0.489708,0.489708,0.000000,0.000000,0.000000,0.000000
13.320000,-0.489708,0.489708,0.000000,0.000000,0.000000,0.000000
13.330000,-0.489708,0.489708,0.000000,0.000000,0.000000,0.000000
13.340000,-0.489708,0.489708,0.000000,0.000000,0.000000,0.000000
13.350000,-0.489708,0.489708,0.000000,0.000000,0.000000,0.000000
13.360000,-0.489708,0.489708,0.000000,0.000000,0.000000,0.000000
13.370000,-0.489708,0.489708,0.000000,0.000000,0.000000,0.000000
13.380000,-0.489708,0.489708,0.000000,0.000000,0.000000,0.000000
13.390000,-0.489708,0.489708,0.000000,0.000000,0.000000,0.000000
13.400000,-0.489708,0.489708,0.000000,0.000000,0.000000,0.000000
13.410000,-0.489708,0.489708,0.000000,0.000000,0.000000,0.000000
13.420000,-0.489708,0.489708,0.000000,0.000000,0.000000,0.000000
13.430000,-0.489708,0.489708,0.000000,0.000000,0.000000,0.000000
13.440000,-0.489708,0.489708,0.000000,0.000000,0.000000,0.000000
13.450000,-0.489708,0.489708,0.000000,0.000000,0.000000,0.000000
13.460000,-0.489708,0.489708,0.000000,0.004037,0.000000,0.000000
13.470000,-0.489708,0.489708,0.000000,0.000000,0.000000,0.000000
13.480000,-0.489708,0.489708,0.000000,0.000000,0.000000,0.000000
13.490000,-0.489708,0.489708,0.000000,0.000000,0.000000,0.000000
13.500000,-0.489708,0.489708,0.000000,0.000000,0.000000,0.000000
13.510000,-0.489708,0.489708,0.000000,0.000000,0.000000,0.000000
13.520000,-0.489708,0.489708,0.000000,0.000000,0.000000,0.000000
13.530000,-0.489708,0.489708,0.000000,0.000000,0.000000,0.000000
13.540000,-0.489708,0.489708,0.000000,0.000000,0.000000,0.000000
13.550000,-0.489708,0.489708,0.000000,0.000000,0.000000,0.000000
13.560000,-0.489708,0.489708,0.000000,0.000000,0.000000,0.000000
13.570000,-0.489708,0.489708,0.000000,0.000000,0.000000,0.000000
13.580000,-0.489708,0.489708,0.000000,0.000000,0.000000,0.000000
13.590000,-0.489708,0.489708,0.000000,0.000000,0.000000,0.000000
13.600000,-0.489708,0.489708,0.000000,0.000000,0.000000,0.000000
13.610000,-0.489708,0.489708,0.000000,0.000000,0.000000,0.000000
13.620000,-0.489708,0.489708,0.000000,0.000000,0.000000,0.000000
13.630000,-0.489708,0.489708,0.000000,0.000000,0.000000,0.000000
13.640000,-0.489708,0.489708,0.000000,0.000000,0.000000,0.000000
13.650000,-0.489708,0.489708,0.000000,0.000000,0.000000,0.000000
13.660000,-0.489708,0.489708,0.000000,0.000000,0.000000,0.000000
13.670000,-0.489708,0.489708,0.000000,0.000000,0.000000,0.000000
13.680000,-0.489708,0.489708,0.000000,0.000000,0.000000,0.000000
13.690000,-0.489708,0.489708,0.000000,0.000000,0.000000,0.000000
13.700000,-0.489708,0.489708,0.000000,0.000000,0.000000,0.000000
13.710000,-0.489708,0.489708,0.000000,0.000000,0.000000,0.000000
13.720000,-0.489708,0.489708,0.000000,0.000000,0.000000,0.000000
13.730000,-0.489708,0.489708,0.000000,0.000000,0.000000,0.000000
13.740000,-0.489708,0.489708,0.000000,0.000000,0.000000,0.000000
13.750000,-0.489708,0.489708,0.000000,0.000000,0.000000,0.000000
13.760000,-0.489708,0.489708,0.000000,0.000000,0.000000,0.000000
13.770000,-0.489708,0.489708,0.000000,0.000000,0.000000,0.000000
13.780000,-0.489708,0.489708,0.000000,0.000000,0.000000,0.000000
13.790000,-0.489708,0.489708,0.000000,0.000000,0.000000,0.000000
13.800000,-0.489708,0.489708,0.000000,0.000000,0.000000,0.000000
13.810000,-0.489708,0.489708,0.000000,0.000000,0.000000,0.000000
13.820000,-0.489708,0.489708,0.000000,0.000000,0.000000,0.000000
13.830000,-0.489708,0.489708,0.000000,0.000000,0.000000,0.000000
13.840000,-0.489708,0.489708,0.000000,0.000000,0.000000,0.000000
13.850000,-0.489708,0.489708,0.000000,0.000000,0.000000,0.000000
13.860000,-0.489708,0.489708,0.000000,0.000000,0.000000,0.000000
13.870000,-0.489708,0.489708,0.000000,0.000000,0.000000,0.000000
13.880000,-0.489708,0.489708,0.000000,0.000000,0.000000,0.000000
13.890000,-0.489708,0.489708,0.000000,0.000000,0.000000,0.000000
13.900000,-0.489708,0.489708,0.000000,0.000000,0.000000,0.000000
13.910000,-0.489708,0.489708,0.000000,0.000000,0.000000,0.000000
13.920000,-0.489708,0.489708,0.000000,0.000000,0.000000,0.000000
13.930000,-0.489708,0.489708,0.000000,0.000000,0.000000,0.000000
13.940000,-0.489708,0.489708,0.000000,0.000000,0.000000,0.000000
13.950000,-0.489708,0.489708,0.000000,0.000000,0.000000,0.000000
13.960000,-0.489708,0.489708,0.000000,0.000000,0.000000,0.000000
13.970000,-0.489708,0.489708,0.000000,0.000000,0.000000,0.000000
13.980000,-0.489708,0.489708,0.000000,0.000000,0.000000,0.000000
13.990000,-0.489708,0.489708,0.000000,0.000000,0.000000,0.000000
14.000000,-0.489708,0.489708,0.000000,0.000000,0.000000,0.000000
14.010000,-0.489708,0.489708,0.000000,0.000000,0.000000,0.000000
14.020000,-0.489708,0.489708,0.000000,0.000000,0.000000,0.000000
14.030000,-0.489708,0.489708,0.000000,0.000000,0.000000,0.000000
14.040000,-0.489708,0.489708,0.000000,0.000000,0.000000,0.000000
14.050000,-0.489708,0.489708,0.000000,0.000000,0.000000,0.000000
14.060000,-0.489708,0.489708,0.000000,0.000000,0.000000,0.000000
14.070000,-0.489708,0.489708,0.000000,0.000000,0.000000,0.000000
14.080000,-0.489708,0.489708,0.000000,0.000000,0.000000,0.000000
14.090000,-0.489708,0.489708,0.000000,0.000000,0.000000,0.000000
14.100000,-0.489708,0.489708,0.000000,0.000000,0.000000,0.000000
14.110000,-0.489708,0.489708,0.000000,0.000000,0.000000,0.000000
14.120000,-0.489708,0.489708,0.000000,0.000000,0.000000,0.000000
14.130000,-0.489708,0.489708,0.000000,0.000000,0.000000,0.000000
14.140000,-0.489708,0.489708,0.000000,0.000000,0.000000,0.000000
14.150000,-0.489708,0.489708,0.000000,0.000000,0.000000,0.000000
14.160000,-0.489708,0.489708,0.000000,0.000000,0.000000,0.000000
14.170000,-0.489708,0.489708,0.000000,0.000000,0.000000,0.000000
14.180000,-0.489708,0.489708,0.000000,0.000000,0.000000,0.000000
14.190000,-0.489708,0.489708,0.000000,0.000000,0.000000,0.000000
14.200000,-0.489708,0.489708,0.000000,0.000000,0.000000,0.000000
14.210000,-0.489708,0.489708,0.000000,0.000000,0.000000,0.000000
14.220000,-0.489708,0.489708,0.000000,0.000000,0.000000,0.000000
14.230000,-0.489708,0.489708,0.000000,0.000000,0.000000,0.000000
14.240000,-0.489708,0.489708,0.000000,0.000000,0.000000,0.000000
14.250000,-0.489708,0.489708,0.000000,0.000000,0.000000,0.000000
14.260000,-0.489708,0.489708,0.000000,0.000000,0.000000,0.000000
14.270000,-0.489708,0.489708,0.000000,0.000000,0.000000,0.000000
14.280000,-0.489708,0.489708,0.000000,0.000000,0.000000,0.000000
14.290000,-0.489708,0.489708,0.000000,0.000000,0.000000,0.000000
14.300000,-0.489708,0.489708,0.000000,0.000000,0.000000,0.000000
14.310000,-0.489708,0.489708,0.000000,0.000000,0.000000,0.000000
14.320000,-0.489708,0.489708,0.000000,0.000000,0.000000,0.000000
14.330000,-0.489708,0.489708,0.000000,0.000000,0.000000,0.000000
14.340000,-0.489708,0.489708,0.000000,0.000000,0.000000,0.000000
14.350000,-0.489708,0.489708,0.000000,0.000000,0.000000,0.000000
14.360000,-0.489708,0.489708,0.000000,0.000000,0.000000,0.000000
14.370000,-0.489708,0.489708,0.000000,0.000000,0.000000,0.000000
14.380000,-0.489708,0.489708,0.000000,0.000000,0.000000,0.000000
14.390000,-0.489708,0.489708,0.000000,0.000000,0.000000,0.000000
14.400000,-0.489708,0.489708,0.000000,0.000000,0.000000,0.000000
14.410000,-0.489708,0.489708,0.000000,0.000000,0.000000,0.000000
14.420000,-0.489708,0.489708,0.000000,0.000000,0.000000,0.000000
14.430000,-0.489708,0.489708,0.000000,0.000000,0.000000,0.000000
14.440000,-0.489708,0.489708,0.000000,0.000000,0.000000,0.000000
14.450000,-0.489708,0.489708,0.000000,0.000000,0.000000,0.000000
14.460000,-0.489708,0.489708,0.000000,0.000000,0.000000,0.000000
14.470000,-0.489708,0.489708,0.000000,0.000000,0.000000,0.000000
14.480000,-0.489708,0.489708,0.000000,0.000000,0.000000,0.000000
14.490000,-0.489708,0.489708,0.000000,0.000000,0.000000,0.000000
14.500000,-0.489708,0.489708,0.000000,0.000000,0.000000,0.000000
14.510000,-0.489708,0.489708,0.000000,0.000000,0.000000,0.000000
14.520000,-0.489708,0.489708,0.000000,0.000000,0.000000,0.000000
14.530000,-0.489708,0.489708,0.000000,0.000000,0.000000,0.000000
14.540000,-0.489708,0.489708,0.000000,0.000000,0.000000,0.000000
14.550000,-0.489708,0.489708,0.000000,0.000000,0.000000,0.000000
14.560000,-0.489708,0.489708,0.000000,0.000000,0.000000,0.000000
14.570000,-0.489708,0.489708,0.000000,0.000000,0.000000,0.000000
14.580000,-0.489708,0.489708,0.000000,0.000000,0.000000,0.000000
14.590000,-0.489708,0.489708,0.000000,0.000000,0.000000,0.000000
14.600000,-0.489708,0.489708,0.000000,0.000000,0.000000,0.000000
14.610000,-0.489708,0.489708,0.000000,0.000000,0.000000,0.000000
14.620000,-0.489708,0.489708,0.000000,0.000000,0.000000,0.000000
14.630000,-0.489708,0.489708,0.000000,0.000000,0.000000,0.000000
14.640000,-0.489708,0.489708,0.000000,0.000000,0.000000,0.000000
14.650000,-0.489708,0.489708,0.000000,0.000000,0.000000,0.000000
14.660000,-0.489708,0.489708,0.000000,0.000000,0.000000,0.000000
14.670000,-0.489708,0.489708,0.000000,0.000000,0.000000,0.000000
14.680000,-0.489708,0.489708,0.000000,0.000000,0.000000,0.000000
14.690000,-0.489708,0.489708,0.000000,0.000000,0.000000,0.000000
14.700000,-0.489708,0.489708,0.000000,0.000000,0.000000,0.000000
14.710000,-0.489708,0.489708,0.000000,0.000000,0.000000,0.000000
14.720000,-0.489708,0.489708,0.000000,0.000000,0.000000,0.000000
14.730000,-0.489708,0.489708,0.000000,0.000000,0.000000,0.000000
14.740000,-0.489708,0.489708,0.000000,0.000000,0.000000,0.000000
14.750000,-0.489708,0.489708,0.000000,0.000000,0.000000,0.000000
14.760000,-0.489708,0.489708,0.000000,0.000000,0.000000,0.000000
14.770000,-0.489708,0.489708,0.000000,0.000000,0.000000,0.000000
14.780000,-0.489708,0.489708,0.000000,0.000000,0.000000,0.000000
14.790000,-0.489708,0.489708,0.000000,0.000000,0.000000,0.000000
14.800000,-0.489708,0.489708,0.000000,0.000000,0.000000,0.000000
14.810000,-0.489708,0.489708,0.000000,0.000000,0.000000,0.000000
14.820000,-0.489708,0.489708,0.000000,0.000000,0.000000,0.000000
14.830000,-0.489708,0.489708,0.000000,0.000000,0.000000,0.000000
14.840000,-0.489708,0.489708,0.000000,0.000000,0.000000,0.000000
14.850000,-0.489708,0.489708,0.000000,0.000000,0.000000,0.000000
14.860000,-0.489708,0.489708,0.000000,0.000000,0.000000,0.000000
14.870000,-0.489708,0.489708,0.000000,0.000000,0.000000,0.000000
14.880000,-0.489708,0.489708,0.000000,0.004037,0.000000,0.000000
14.890000,-0.489708,0.489708,0.000000,0.000000,0.000000,0.000000
14.900000,-0.489708,0.489708,0.000000,0.004037,0.000000,0.000000
14.910000,-0.489708,0.489708,0.000000,0.000000,0.000000,0.000000
14.920000,-0.489708,0.489708,0.000000,0.000000,0.000000,0.000000
14.930000,-0.489708,0.489708,0.000000,0.000000,0.000000,0.000000
14.940000,-0.489708,0.489708,0.000000,0.000000,0.000000,0.000000
14.950000,-0.489708,0.489708,0.000000,0.000000,0.000000,0.000000
14.960000,-0.489708,0.489708,0.000000,0.000000,0.000000,0.000000
14.970000,-0.489708,0.489708,0.000000,0.000000,0.000000,0.000000
14.980000,-0.489708,0.489708,0.000000,0.000000,0.000000,0.000000
14.990000,-0.489708,0.489708,0.000000,0.004037,0.000000,0.000000
15.000000,-0.489708,0.489708,0.000000,0.000000,0.000000,0.000000
