0.000000,5.000000,5.000000,1.000000,1.000000,6.000000,6.000000
0.010000,5.000000,5.000000,2.000000,2.000000,7.000000,7.000000
0.020000,5.000000,5.000000,3.000000,3.000000,8.000000,8.000000
0.030000,5.000000,5.000000,4.000000,4.000000,9.000000,9.000000
0.040000,5.000000,5.000000,5.000000,5.000000,10.000000,10.000000
0.050000,5.000000,5.000000,6.000000,6.000000,11.000000,11.000000
0.060000,5.000000,5.000000,7.000000,7.000000,12.000000,12.000000
0.070000,5.000000,5.000000,8.000000,8.000000,13.000000,13.000000
0.080000,5.000000,5.000000,9.000000,9.000000,14.000000,14.000000
0.090000,5.000000,5.000000,10.000000,10.000000,15.000000,15.000000
0.100000,5.000000,5.000000,11.000000,11.000000,16.000000,16.000000
0.110000,5.000000,5.000000,12.000000,12.000000,17.000000,17.000000
0.120000,5.000000,5.000000,13.000000,13.000000,18.000000,18.000000
0.130000,5.000000,5.000000,14.000000,14.000000,19.000000,19.000000
0.140000,5.000000,5.000000,15.000000,15.000000,20.000000,20.000000
0.150000,5.000000,5.000000,16.000000,16.000000,20.000000,20.000000
0.160000,5.000000,5.000000,16.000000,16.000000,20.000000,20.000000
0.170000,5.000000,5.000000,16.000000,16.000000,20.000000,20.000000
0.180000,5.000000,5.000000,16.000000,16.000000,20.000000,20.000000
0.190000,5.000000,5.000000,16.000000,16.000000,20.000000,20.000000
0.200000,5.000000,5.000000,16.000000,16.000000,20.000000,20.000000
0.210000,5.000000,5.000000,16.000000,16.000000,20.000000,20.000000
0.220000,5.000000,5.000000,16.000000,16.000000,20.000000,20.000000
0.230000,5.000000,5.000000,16.000000,16.000000,20.000000,20.000000
0.240000,5.000000,5.000000,16.000000,16.000000,20.000000,20.000000
0.250000,5.000000,5.000000,16.000000,16.000000,20.000000,20.000000
0.260000,5.000000,5.000000,16.000000,16.000000,20.000000,20.000000
0.270000,5.000000,5.000000,16.000000,16.000000,20.000000,20.000000
0.280000,5.000000,5.000000,16.000000,16.000000,20.000000,20.000000
0.290000,5.000000,5.000000,16.000000,16.000000,20.000000,20.000000
0.300000,5.000000,5.000000,16.000000,16.000000,20.000000,20.000000
0.310000,5.000000,5.000000,16.000000,16.000000,20.000000,20.000000
0.320000,5.000000,5.000000,16.000000,16.000000,20.000000,20.000000
0.330000,5.000000,5.000000,16.000000,16.000000,20.000000,20.000000
0.340000,5.000000,5.000000,16.000000,16.000000,20.000000,20.000000
0.350000,5.000000,5.000000,16.000000,16.000000,20.000000,20.000000
0.360000,5.000000,5.000000,16.000000,16.000000,20.000000,20.000000
0.370000,5.000000,5.000000,16.000000,16.000000,20.000000,20.000000
0.380000,5.000000,5.000000,16.000000,16.000000,20.000000,20.000000
0.390000,5.000000,5.000000,16.000000,16.000000,20.000000,20.000000
0.400000,5.000000,5.000000,16.000000,16.000000,20.000000,20.000000
0.410000,5.000000,5.000000,16.000000,16.000000,20.000000,20.000000
0.420000,5.000000,5.000000,16.000000,16.000000,20.000000,20.000000
0.430000,5.000000,5.000000,16.000000,16.000000,20.000000,20.000000
0.440000,5.000000,5.000000,16.000000,16.000000,20.000000,20.000000
0.450000,5.000000,5.000000,16.000000,16.000000,20.000000,20.000000
0.460000,5.000000,5.000000,16.000000,16.000000,20.000000,20.000000
0.470000,5.000000,5.000000,16.000000,16.000000,20.000000,20.000000
0.480000,5.000000,5.000000,16.000000,16.000000,20.000000,20.000000
0.490000,5.000000,5.000000,16.000000,16.000000,20.000000,20.000000
0.500000,5.000000,5.000000,16.000000,16.000000,20.000000,20.000000
0.510000,5.000000,5.000000,16.000000,16.000000,20.000000,20.000000
0.520000,5.000000,5.000000,16.000000,16.000000,20.000000,20.000000
0.530000,5.000000,5.000000,16.000000,16.000000,20.000000,20.000000
0.540000,5.000000,5.000000,16.000000,16.000000,20.000000,20.000000
0.550000,5.000000,5.000000,16.000000,16.000000,20.000000,20.000000
0.560000,5.000000,5.000000,16.000000,16.000000,20.000000,20.000000
0.570000,5.000000,5.000000,16.000000,16.000000,20.000000,20.000000
0.580000,5.000000,5.000000,16.000000,16.000000,20.000000,20.000000
0.590000,5.000000,5.000000,16.000000,16.000000,20.000000,20.000000
0.600000,5.000000,5.000000,16.000000,16.000000,20.000000,20.000000
0.610000,5.000000,5.000000,16.000000,16.000000,20.000000,20.000000
0.620000,5.000000,5.000000,16.000000,16.000000,20.000000,20.000000
0.630000,5.000000,5.000000,16.000000,16.000000,20.000000,20.000000
0.640000,5.000000,5.000000,16.000000,16.000000,20.000000,20.000000
0.650000,5.000000,5.000000,16.000000,16.000000,20.000000,20.000000
0.660000,5.000000,5.000000,16.000000,16.000000,20.000000,20.000000
0.670000,5.000000,5.000000,16.000000,16.000000,20.000000,20.000000
0.680000,5.000000,5.000000,16.000000,16.000000,20.000000,20.000000
0.690000,5.000000,5.000000,16.000000,16.000000,20.000000,20.000000
0.700000,5.000000,5.000000,16.000000,16.000000,20.000000,20.000000
0.710000,5.000000,5.000000,16.000000,16.000000,20.000000,20.000000
0.720000,5.000000,5.000000,16.000000,16.000000,20.000000,20.000000
0.730000,5.000000,5.000000,16.000000,16.000000,20.000000,20.000000
0.740000,5.000000,5.000000,16.000000,16.000000,20.000000,20.000000
0.750000,5.000000,5.000000,16.000000,16.000000,20.000000,20.000000
0.760000,5.000000,5.000000,16.000000,16.000000,20.000000,20.000000
0.770000,5.000000,5.000000,16.000000,16.000000,20.000000,20.000000
0.780000,5.000000,5.000000,16.000000,16.000000,20.000000,20.000000
0.790000,5.000000,5.000000,16.000000,16.000000,20.000000,20.000000
0.800000,5.000000,5.000000,16.000000,16.000000,20.000000,20.000000
0.810000,5.000000,5.000000,16.000000,16.000000,20.000000,20.000000
0.820000,5.000000,5.000000,16.000000,16.000000,20.000000,20.000000
0.830000,5.000000,5.000000,16.000000,16.000000,20.000000,20.000000
0.840000,5.000000,5.000000,16.000000,16.000000,20.000000,20.000000
0.850000,5.000000,5.000000,16.000000,16.000000,20.000000,20.000000
0.860000,5.000000,5.000000,16.000000,16.000000,20.000000,20.000000
0.870000,5.000000,5.000000,16.000000,16.000000,20.000000,20.000000
0.880000,5.000000,5.000000,16.000000,16.000000,20.000000,20.000000
0.890000,5.000000,5.000000,16.000000,16.000000,20.000000,20.000000
0.900000,5.000000,5.000000,16.000000,16.000000,20.000000,20.000000
0.910000,5.000000,5.000000,16.000000,16.000000,20.000000,20.000000
0.920000,5.000000,5.000000,16.000000,16.000000,20.000000,20.000000
0.930000,5.000000,5.000000,16.000000,16.000000,20.000000,20.000000
0.940000,5.000000,5.000000,16.000000,16.000000,20.000000,20.000000
0.950000,5.000000,5.000000,16.000000,16.000000,20.000000,20.000000
0.960000,5.000000,5.000000,16.000000,16.000000,20.000000,20.000000
0.970000,5.000000,5.000000,16.000000,16.000000,20.000000,20.000000
0.980000,5.000000,5.000000,16.000000,16.000000,20.000000,20.000000
0.990000,5.000000,5.000000,16.000000,16.000000,20.000000,20.000000
1.000000,5.000000,5.000000,16.000000,16.000000,20.000000,20.000000
1.010000,5.000000,5.000000,16.000000,16.000000,20.000000,20.000000
1.020000,5.000000,5.000000,16.000000,16.000000,20.000000,20.000000
1.030000,5.000000,5.000000,16.000000,16.000000,20.000000,20.000000
1.040000,5.000000,5.000000,16.000000,16.000000,20.000000,20.000000
1.050000,5.000000,5.000000,16.000000,16.000000,20.000000,20.000000
1.060000,5.000000,5.000000,16.000000,16.000000,20.000000,20.000000
1.070000,5.000000,5.000000,16.000000,16.000000,20.000000,20.000000
1.080000,5.000000,5.000000,16.000000,16.000000,20.000000,20.000000
1.090000,5.000000,5.000000,16.000000,16.000000,20.000000,20.000000
1.100000,5.000000,5.000000,16.000000,16.000000,20.000000,20.000000
1.110000,5.000000,5.000000,16.000000,16.000000,20.000000,20.000000
1.120000,5.000000,5.000000,16.000000,16.000000,20.000000,20.000000
1.130000,5.000000,5.000000,16.000000,16.000000,20.000000,20.000000
1.140000,5.000000,5.000000,16.000000,16.000000,20.000000,20.000000
1.150000,5.000000,5.000000,16.000000,16.000000,20.000000,20.000000
1.160000,5.000000,5.000000,16.000000,16.000000,20.000000,20.000000
1.170000,5.000000,5.000000,16.000000,16.000000,20.000000,20.000000
1.180000,5.000000,5.000000,16.000000,16.000000,20.000000,20.000000
1.190000,5.000000,5.000000,16.000000,16.000000,20.000000,20.000000
1.200000,5.000000,5.000000,16.000000,16.000000,20.000000,20.000000
1.210000,5.000000,5.000000,16.000000,16.000000,20.000000,20.000000
1.220000,5.000000,5.000000,16.000000,16.000000,20.000000,20.000000
1.230000,5.000000,5.000000,16.000000,16.000000,20.000000,20.000000
1.240000,5.000000,5.000000,16.000000,16.000000,20.000000,20.000000
1.250000,5.000000,5.000000,16.000000,16.000000,20.000000,20.000000
1.260000,5.000000,5.000000,16.000000,16.000000,20.000000,20.000000
1.270000,5.000000,5.000000,16.000000,16.000000,20.000000,20.000000
1.280000,5.000000,5.000000,16.000000,16.000000,20.000000,20.000000
1.290000,5.000000,5.000000,16.000000,16.000000,20.000000,20.000000
1.300000,5.000000,5.000000,16.000000,16.000000,20.000000,20.000000
1.310000,5.000000,5.000000,16.000000,16.000000,20.000000,20.000000
1.320000,5.000000,5.000000,16.000000,16.000000,20.000000,20.000000
1.330000,5.000000,5.000000,16.000000,16.000000,20.000000,20.000000
1.340000,5.000000,5.000000,16.000000,16.000000,20.000000,20.000000
1.350000,5.000000,5.000000,16.000000,16.000000,20.000000,20.000000
1.360000,5.000000,5.000000,16.000000,16.000000,20.000000,20.000000
1.370000,5.000000,5.000000,16.000000,16.000000,20.000000,20.000000
1.380000,5.000000,5.000000,16.000000,16.000000,20.000000,20.000000
1.390000,5.000000,5.000000,16.000000,16.000000,20.000000,20.000000
1.400000,5.000000,5.000000,16.000000,16.000000,20.000000,20.000000
1.410000,5.000000,5.000000,16.000000,16.000000,20.000000,20.000000
1.420000,5.000000,5.000000,16.000000,16.000000,20.000000,20.000000
1.430000,5.000000,5.000000,16.000000,16.000000,20.000000,20.000000
1.440000,5.000000,5.000000,16.000000,16.000000,20.000000,20.000000
1.450000,5.000000,5.000000,16.000000,16.000000,20.000000,20.000000
1.460000,5.000000,5.000000,16.000000,16.000000,20.000000,20.000000
1.470000,5.000000,5.000000,16.000000,16.000000,20.000000,20.000000
1.480000,5.000000,5.000000,16.000000,16.000000,20.000000,20.000000
1.490000,5.000000,5.000000,16.000000,16.000000,20.000000,20.000000
1.500000,5.000000,5.000000,16.000000,16.000000,20.000000,20.000000
1.510000,5.000000,5.000000,16.000000,16.000000,20.000000,20.000000
1.520000,5.000000,5.000000,16.000000,16.000000,20.000000,20.000000
1.530000,5.000000,5.000000,16.000000,16.000000,20.000000,20.000000
1.540000,5.000000,5.000000,16.000000,16.000000,20.000000,20.000000
1.550000,5.000000,5.000000,16.000000,16.000000,20.000000,20.000000
1.560000,5.000000,5.000000,16.000000,16.000000,20.000000,20.000000
1.570000,5.000000,5.000000,16.000000,16.000000,20.000000,20.000000
1.580000,5.000000,5.000000,16.000000,16.000000,20.000000,20.000000
1.590000,5.000000,5.000000,16.000000,16.000000,20.000000,20.000000
1.600000,5.000000,5.000000,16.000000,16.000000,20.000000,20.000000
1.610000,5.000000,5.000000,16.000000,16.000000,20.000000,20.000000
1.620000,5.000000,5.000000,16.000000,16.000000,20.000000,20.000000
1.630000,5.000000,5.000000,16.000000,16.000000,20.000000,20.000000
1.640000,5.000000,5.000000,16.000000,16.000000,20.000000,20.000000
1.650000,5.000000,5.000000,16.000000,16.000000,20.000000,20.000000
1.660000,5.000000,5.000000,16.000000,16.000000,20.000000,20.000000
1.670000,5.000000,5.000000,16.000000,16.000000,20.000000,20.000000
1.680000,5.000000,5.000000,16.000000,16.000000,20.000000,20.000000
1.690000,5.000000,5.000000,16.000000,16.000000,20.000000,20.000000
1.700000,5.000000,5.000000,16.000000,16.000000,20.000000,20.000000
1.710000,5.000000,5.000000,16.000000,16.000000,20.000000,20.000000
1.720000,5.000000,5.000000,16.000000,16.000000,20.000000,20.000000
1.730000,5.000000,5.000000,16.000000,16.000000,20.000000,20.000000
1.740000,5.000000,5.000000,16.000000,16.000000,20.000000,20.000000
1.750000,5.000000,5.000000,16.000000,16.000000,20.000000,20.000000
1.760000,5.000000,5.000000,16.000000,16.000000,20.000000,20.000000
1.770000,5.000000,5.000000,16.000000,16.000000,20.000000,20.000000
1.780000,5.000000,5.000000,16.000000,16.000000,20.000000,20.000000
1.790000,5.000000,5.000000,16.000000,16.000000,20.000000,20.000000
1.800000,5.000000,5.000000,16.000000,16.000000,20.000000,20.000000
1.810000,5.000000,5.000000,16.000000,16.000000,20.000000,20.000000
1.820000,5.000000,5.000000,16.000000,16.000000,20.000000,20.000000
1.830000,5.000000,5.000000,16.000000,16.000000,20.000000,20.000000
1.840000,5.000000,5.000000,16.000000,16.000000,20.000000,20.000000
1.850000,5.000000,5.000000,16.000000,16.000000,20.000000,20.000000
1.860000,5.000000,5.000000,16.000000,16.000000,20.000000,20.000000
1.870000,5.000000,5.000000,16.000000,16.000000,20.000000,20.000000
1.880000,5.000000,5.000000,16.000000,16.000000,20.000000,20.000000
1.890000,5.000000,5.000000,16.000000,16.000000,20.000000,20.000000
1.900000,5.000000,5.000000,16.000000,16.000000,20.000000,20.000000
1.910000,5.000000,5.000000,16.000000,16.000000,20.000000,20.000000
1.920000,5.000000,5.000000,16.000000,16.000000,20.000000,20.000000
1.930000,5.000000,5.000000,16.000000,16.000000,20.000000,20.000000
1.940000,5.000000,5.000000,16.000000,16.000000,20.000000,20.000000
1.950000,5.000000,5.000000,16.000000,16.000000,20.000000,20.000000
1.960000,5.000000,5.000000,16.000000,16.000000,20.000000,20.000000
1.970000,5.000000,5.000000,16.000000,16.000000,20.000000,20.000000
1.980000,5.000000,5.000000,16.000000,16.000000,20.000000,20.000000
1.990000,5.000000,5.000000,16.000000,16.000000,20.000000,20.000000
2.000000,-5.000000,-5.000000,14.000000,14.000000,9.000000,9.000000
2.010000,-5.000000,-5.000000,13.000000,13.000000,8.000000,8.000000
2.020000,-5.000000,-5.000000,12.000000,12.000000,7.000000,7.000000
2.030000,-5.000000,-5.000000,11.000000,11.000000,6.000000,6.000000
2.040000,-5.000000,-5.000000,10.000000,10.000000,5.000000,5.000000
2.050000,-5.000000,-5.000000,9.000000,9.000000,4.000000,4.000000
2.060000,-5.000000,-5.000000,8.000000,8.000000,3.000000,3.000000
2.070000,-5.000000,-5.000000,7.000000,7.000000,2.000000,2.000000
2.080000,-5.000000,-5.000000,6.000000,6.000000,1.000000,1.000000
2.090000,-5.000000,-5.000000,5.000000,5.000000,0.000000,0.000000
2.100000,-5.000000,-5.000000,4.000000,4.000000,-1.000000,-1.000000
2.110000,-5.000000,-5.000000,3.000000,3.000000,-2.000000,-2.000000
2.120000,-5.000000,-5.000000,2.000000,2.000000,-3.000000,-3.000000
2.130000,-5.000000,-5.000000,1.000000,1.000000,-4.000000,-4.000000
2.140000,-5.000000,-5.000000,0.000000,0.000000,-5.000000,-5.000000
2.150000,-5.000000,-5.000000,-1.000000,-1.000000,-6.000000,-6.000000
2.160000,-5.000000,-5.000000,-2.000000,-2.000000,-7.000000,-7.000000
2.170000,-5.000000,-5.000000,-3.000000,-3.000000,-8.000000,-8.000000
2.180000,-5.000000,-5.000000,-4.000000,-4.000000,-9.000000,-9.000000
2.190000,-5.000000,-5.000000,-5.000000,-5.000000,-10.000000,-10.000000
2.200000,-5.000000,-5.000000,-6.000000,-6.000000,-11.000000,-11.000000
2.210000,-5.000000,-5.000000,-7.000000,-7.000000,-12.000000,-12.000000
2.220000,-5.000000,-5.000000,-8.000000,-8.000000,-13.000000,-13.000000
2.230000,-5.000000,-5.000000,-9.000000,-9.000000,-14.000000,-14.000000
2.240000,-5.000000,-5.000000,-10.000000,-10.000000,-15.000000,-15.000000
2.250000,-5.000000,-5.000000,-11.000000,-11.000000,-16.000000,-16.000000
2.260000,-5.000000,-5.000000,-12.000000,-12.000000,-17.000000,-17.000000
2.270000,-5.000000,-5.000000,-13.000000,-13.000000,-18.000000,-18.000000
2.280000,-5.000000,-5.000000,-14.000000,-14.000000,-19.000000,-19.000000
2.290000,-5.000000,-5.000000,-15.000000,-15.000000,-20.000000,-20.000000
2.300000,-5.000000,-5.000000,-16.000000,-16.000000,-20.000000,-20.000000
2.310000,-5.000000,-5.000000,-16.000000,-16.000000,-20.000000,-20.000000
2.320000,-5.000000,-5.000000,-16.000000,-16.000000,-20.000000,-20.000000
2.330000,-5.000000,-5.000000,-16.000000,-16.000000,-20.000000,-20.000000
2.340000,-5.000000,-5.000000,-16.000000,-16.000000,-20.000000,-20.000000
2.350000,-5.000000,-5.000000,-16.000000,-16.000000,-20.000000,-20.000000
2.360000,-5.000000,-5.000000,-16.000000,-16.000000,-20.000000,-20.000000
2.370000,-5.000000,-5.000000,-16.000000,-16.000000,-20.000000,-20.000000
2.380000,-5.000000,-5.000000,-16.000000,-16.000000,-20.000000,-20.000000
2.390000,-5.000000,-5.000000,-16.000000,-16.000000,-20.000000,-20.000000
2.400000,-5.000000,-5.000000,-16.000000,-16.000000,-20.000000,-20.000000
2.410000,-5.000000,-5.000000,-16.000000,-16.000000,-20.000000,-20.000000
2.420000,-5.000000,-5.000000,-16.000000,-16.000000,-20.000000,-20.000000
2.430000,-5.000000,-5.000000,-16.000000,-16.000000,-20.000000,-20.000000
2.440000,-5.000000,-5.000000,-16.000000,-16.000000,-20.000000,-20.000000
2.450000,-5.000000,-5.000000,-16.000000,-16.000000,-20.000000,-20.000000
2.460000,-5.000000,-5.000000,-16.000000,-16.000000,-20.000000,-20.000000
2.470000,-5.000000,-5.000000,-16.000000,-16.000000,-20.000000,-20.000000
2.480000,-5.000000,-5.000000,-16.000000,-16.000000,-20.000000,-20.000000
2.490000,-5.000000,-5.000000,-16.000000,-16.000000,-20.000000,-20.000000
2.500000,-5.000000,-5.000000,-16.000000,-16.000000,-20.000000,-20.000000
2.510000,-5.000000,-5.000000,-16.000000,-16.000000,-20.000000,-20.000000
2.520000,-5.000000,-5.000000,-16.000000,-16.000000,-20.000000,-20.000000
2.530000,-5.000000,-5.000000,-16.000000,-16.000000,-20.000000,-20.000000
2.540000,-5.000000,-5.000000,-16.000000,-16.000000,-20.000000,-20.000000
2.550000,-5.000000,-5.000000,-16.000000,-16.000000,-20.000000,-20.000000
2.560000,-5.000000,-5.000000,-16.000000,-16.000000,-20.000000,-20.000000
2.570000,-5.000000,-5.000000,-16.000000,-16.000000,-20.000000,-20.000000
2.580000,-5.000000,-5.000000,-16.000000,-16.000000,-20.000000,-20.000000
2.590000,-5.000000,-5.000000,-16.000000,-16.000000,-20.000000,-20.000000
2.600000,-5.000000,-5.000000,-16.000000,-16.000000,-20.000000,-20.000000
2.610000,-5.000000,-5.000000,-16.000000,-16.000000,-20.000000,-20.000000
2.620000,-5.000000,-5.000000,-16.000000,-16.000000,-20.000000,-20.000000
2.630000,-5.000000,-5.000000,-16.000000,-16.000000,-20.000000,-20.000000
2.640000,-5.000000,-5.000000,-16.000000,-16.000000,-20.000000,-20.000000
2.650000,-5.000000,-5.000000,-16.000000,-16.000000,-20.000000,-20.000000
2.660000,-5.000000,-5.000000,-16.000000,-16.000000,-20.000000,-20.000000
2.670000,-5.000000,-5.000000,-16.000000,-16.000000,-20.000000,-20.000000
2.680000,-5.000000,-5.000000,-16.000000,-16.000000,-20.000000,-20.000000
2.690000,-5.000000,-5.000000,-16.000000,-16.000000,-20.000000,-20.000000
2.700000,-5.000000,-5.000000,-16.000000,-16.000000,-20.000000,-20.000000
2.710000,-5.000000,-5.000000,-16.000000,-16.000000,-20.000000,-20.000000
2.720000,-5.000000,-5.000000,-16.000000,-16.000000,-20.000000,-20.000000
2.730000,-5.000000,-5.000000,-16.000000,-16.000000,-20.000000,-20.000000
2.740000,-5.000000,-5.000000,-16.000000,-16.000000,-20.000000,-20.000000
2.750000,-5.000000,-5.000000,-16.000000,-16.000000,-20.000000,-20.000000
2.760000,-5.000000,-5.000000,-16.000000,-16.000000,-20.000000,-20.000000
2.770000,-5.000000,-5.000000,-16.000000,-16.000000,-20.000000,-20.000000
2.780000,-5.000000,-5.000000,-16.000000,-16.000000,-20.000000,-20.000000
2.790000,-5.000000,-5.000000,-16.000000,-16.000000,-20.000000,-20.000000
2.800000,-5.000000,-5.000000,-16.000000,-16.000000,-20.000000,-20.000000
2.810000,-5.000000,-5.000000,-16.000000,-16.000000,-20.000000,-20.000000
2.820000,-5.000000,-5.000000,-16.000000,-16.000000,-20.000000,-20.000000
2.830000,-5.000000,-5.000000,-16.000000,-16.000000,-20.000000,-20.000000
2.840000,-5.000000,-5.000000,-16.000000,-16.000000,-20.000000,-20.000000
2.850000,-5.000000,-5.000000,-16.000000,-16.000000,-20.000000,-20.000000
2.860000,-5.000000,-5.000000,-16.000000,-16.000000,-20.000000,-20.000000
2.870000,-5.000000,-5.000000,-16.000000,-16.000000,-20.000000,-20.000000
2.880000,-5.000000,-5.000000,-16.000000,-16.000000,-20.000000,-20.000000
2.890000,-5.000000,-5.000000,-16.000000,-16.000000,-20.000000,-20.000000
2.900000,-5.000000,-5.000000,-16.000000,-16.000000,-20.000000,-20.000000
2.910000,-5.000000,-5.000000,-16.000000,-16.000000,-20.000000,-20.000000
2.920000,-5.000000,-5.000000,-16.000000,-16.000000,-20.000000,-20.000000
2.930000,-5.000000,-5.000000,-16.000000,-16.000000,-20.000000,-20.000000
2.940000,-5.000000,-5.000000,-16.000000,-16.000000,-20.000000,-20.000000
2.950000,-5.000000,-5.000000,-16.000000,-16.000000,-20.000000,-20.000000
2.960000,-5.000000,-5.000000,-16.000000,-16.000000,-20.000000,-20.000000
2.970000,-5.000000,-5.000000,-16.000000,-16.000000,-20.000000,-20.000000
2.980000,-5.000000,-5.000000,-16.000000,-16.000000,-20.000000,-20.000000
2.990000,-5.000000,-5.000000,-16.000000,-16.000000,-20.000000,-20.000000
3.000000,-5.000000,-5.000000,-16.000000,-16.000000,-20.000000,-20.000000
3.010000,-5.000000,-5.000000,-16.000000,-16.000000,-20.000000,-20.000000
3.020000,-5.000000,-5.000000,-16.000000,-16.000000,-20.000000,-20.000000
3.030000,-5.000000,-5.000000,-16.000000,-16.000000,-20.000000,-20.000000
3.040000,-5.000000,-5.000000,-16.000000,-16.000000,-20.000000,-20.000000
3.050000,-5.000000,-5.000000,-16.000000,-16.000000,-20.000000,-20.000000
3.060000,-5.000000,-5.000000,-16.000000,-16.000000,-20.000000,-20.000000
3.070000,-5.000000,-5.000000,-16.000000,-16.000000,-20.000000,-20.000000
3.080000,-4.989908,-5.000000,-15.997982,-16.000000,-20.000000,-20.000000
3.090000,-4.966696,-4.950549,-15.993339,-15.990110,-20.000000,-20.000000
3.100000,-6.236772,-6.162091,-16.247354,-16.232418,-20.000000,-20.000000
3.110000,-7.720545,-6.162091,-16.544109,-16.232418,-20.000000,-20.000000
3.120000,-9.293002,-8.433039,-16.858600,-16.686608,-20.000000,-20.000000
3.130000,-10.866404,-8.433039,-17.173281,-16.686608,-20.000000,-20.000000
3.140000,-12.127429,-10.832028,-17.425486,-17.166406,-20.000000,-20.000000
3.150000,-12.993084,-12.365568,-17.598617,-17.473114,-20.000000,-20.000000
3.160000,-13.479399,-13.113163,-17.695880,-17.622633,-20.000000,-20.000000
3.170000,-13.792191,-13.656505,-17.758438,-17.731301,-20.000000,-20.000000
3.180000,-13.945560,-13.859551,-17.789112,-17.771910,-20.000000,-20.000000
3.190000,-14.053529,-13.859551,-17.810706,-17.771910,-20.000000,-20.000000
3.200000,-14.100449,-13.988322,-17.820090,-17.797664,-20.000000,-20.000000
3.210000,-14.122900,-14.136471,-17.824580,-17.827294,-20.000000,-20.000000
3.220000,-14.148255,-14.161095,-17.829651,-17.832219,-20.000000,-20.000000
3.230000,-14.142766,-14.183499,-17.828553,-17.836700,-20.000000,-20.000000
3.240000,-14.173325,-14.161398,-17.834665,-17.832280,-20.000000,-20.000000
3.250000,-14.198697,-14.245211,-17.839739,-17.849042,-20.000000,-20.000000
3.260000,-14.199272,-14.220511,-17.839854,-17.844102,-20.000000,-20.000000
3.270000,-14.223781,-14.298989,-17.844756,-17.859798,-20.000000,-20.000000
3.280000,-14.235026,-14.255474,-17.847005,-17.851095,-20.000000,-20.000000
3.290000,-14.240649,-14.281148,-17.848130,-17.856230,-20.000000,-20.000000
3.300000,-14.259607,-14.308114,-17.851921,-17.861623,-20.000000,-20.000000
3.310000,-14.243856,-14.272147,-17.848771,-17.854429,-20.000000,-20.000000
3.320000,-14.252128,-14.321779,-17.850426,-17.864356,-20.000000,-20.000000
3.330000,-14.229016,-14.253749,-17.845803,-17.850750,-20.000000,-20.000000
3.340000,-14.253790,-14.318636,-17.850758,-17.863727,-20.000000,-20.000000
3.350000,-14.244985,-14.273371,-17.848997,-17.854674,-20.000000,-20.000000
3.360000,-14.254711,-14.304225,-17.850942,-17.860845,-20.000000,-20.000000
3.370000,-14.268656,-14.290386,-17.853731,-17.858077,-20.000000,-20.000000
3.380000,-14.265537,-14.295577,-17.853107,-17.859115,-20.000000,-20.000000
3.390000,-14.272051,-14.329457,-17.854410,-17.865891,-20.000000,-20.000000
3.400000,-14.254115,-14.262634,-17.850823,-17.852527,-20.000000,-20.000000
3.410000,-14.280469,-14.312986,-17.856094,-17.862597,-20.000000,-20.000000
3.420000,-14.265388,-14.234215,-17.853078,-17.846843,-20.000000,-20.000000
3.430000,-14.286106,-14.296758,-17.857221,-17.859352,-20.000000,-20.000000
3.440000,-14.280317,-14.266469,-17.856063,-17.853294,-20.000000,-20.000000
3.450000,-14.273386,-14.310866,-17.854677,-17.862173,-20.000000,-20.000000
3.460000,-14.277994,-14.332056,-17.855599,-17.866411,-20.000000,-20.000000
3.470000,-14.269197,-14.304302,-17.853839,-17.860860,-20.000000,-20.000000
3.480000,-14.289019,-14.350976,-17.857804,-17.870195,-20.000000,-20.000000
3.490000,-14.275719,-14.260274,-17.855144,-17.852055,-20.000000,-20.000000
3.500000,-14.289252,-14.329972,-17.857850,-17.865994,-20.000000,-20.000000
3.510000,-14.275835,-14.249772,-17.855167,-17.849954,-20.000000,-20.000000
3.520000,-14.273164,-14.313619,-17.854633,-17.862724,-20.000000,-20.000000
3.530000,-14.277883,-14.313619,-17.855577,-17.862724,-20.000000,-20.000000
3.540000,-14.268132,-14.311230,-17.853626,-17.862246,-20.000000,-20.000000
3.550000,-14.275367,-14.305999,-17.855073,-17.861200,-20.000000,-20.000000
3.560000,-14.251736,-14.257969,-17.850347,-17.851594,-20.000000,-20.000000
3.570000,-14.280289,-14.257969,-17.856058,-17.851594,-20.000000,-20.000000
3.580000,-14.264289,-14.239001,-17.852858,-17.847800,-20.000000,-20.000000
3.590000,-14.283538,-14.328418,-17.856708,-17.865684,-20.000000,-20.000000
3.600000,-14.277015,-14.293400,-17.855403,-17.858680,-20.000000,-20.000000
3.610000,-14.287882,-14.338461,-17.857576,-17.867692,-20.000000,-20.000000
3.620000,-14.295334,-14.326679,-17.859067,-17.865336,-20.000000,-20.000000
3.630000,-14.277867,-14.329870,-17.855573,-17.865974,-20.000000,-20.000000
3.640000,-14.304455,-14.369816,-17.860891,-17.873963,-20.000000,-20.000000
3.650000,-14.288483,-14.308043,-17.857697,-17.861609,-20.000000,-20.000000
3.660000,-14.304717,-14.392206,-17.860943,-17.878441,-20.000000,-20.000000
3.670000,-14.291641,-14.335386,-17.858328,-17.867077,-20.000000,-20.000000
3.680000,-14.293177,-14.382665,-17.858635,-17.876533,-20.000000,-20.000000
3.690000,-14.300000,-14.347772,-17.860000,-17.869554,-20.000000,-20.000000
3.700000,-14.289283,-14.355555,-17.857857,-17.871111,-20.000000,-20.000000
3.710000,-14.306126,-14.360456,-17.861225,-17.872091,-20.000000,-20.000000
3.720000,-14.287300,-14.306391,-17.857460,-17.861278,-20.000000,-20.000000
3.730000,-14.317245,-14.366150,-17.863449,-17.873230,-20.000000,-20.000000
3.740000,-14.305979,-14.290063,-17.861196,-17.858013,-20.000000,-20.000000
3.750000,-14.324566,-14.346885,-17.864913,-17.869377,-20.000000,-20.000000
3.760000,-14.321750,-14.309697,-17.864350,-17.861939,-20.000000,-20.000000
3.770000,-14.317314,-14.346610,-17.863463,-17.869322,-20.000000,-20.000000
3.780000,-14.324179,-14.350937,-17.864836,-17.870187,-20.000000,-20.000000
3.790000,-14.306418,-14.316770,-17.861284,-17.863354,-20.000000,-20.000000
3.800000,-14.330841,-14.368311,-17.866168,-17.873662,-20.000000,-20.000000
3.810000,-14.311768,-14.308300,-17.862354,-17.861660,-20.000000,-20.000000
3.820000,-14.319387,-14.384261,-17.863877,-17.876852,-20.000000,-20.000000
3.830000,-14.318151,-14.308201,-17.863630,-17.861640,-20.000000,-20.000000
3.840000,-14.321570,-14.352926,-17.864314,-17.870585,-20.000000,-20.000000
3.850000,-14.329334,-14.318773,-17.865867,-17.863755,-20.000000,-20.000000
3.860000,-14.307987,-14.315826,-17.861597,-17.863165,-20.000000,-20.000000
3.870000,-14.325570,-14.315361,-17.865114,-17.863072,-20.000000,-20.000000
3.880000,-14.300049,-14.273752,-17.860010,-17.854750,-20.000000,-20.000000
3.890000,-14.326648,-14.314508,-17.865330,-17.862902,-20.000000,-20.000000
3.900000,-14.316735,-14.275344,-17.863347,-17.855069,-20.000000,-20.000000
3.910000,-14.331963,-14.317322,-17.866393,-17.863464,-20.000000,-20.000000
3.920000,-14.331503,-14.313082,-17.866301,-17.862616,-20.000000,-20.000000
3.930000,-14.328246,-14.331146,-17.865649,-17.866229,-20.000000,-20.000000
3.940000,-14.310470,-14.304855,-17.862094,-17.860971,-20.000000,-20.000000
3.950000,-14.331858,-14.367400,-17.866372,-17.873480,-20.000000,-20.000000
3.960000,-14.316313,-14.327020,-17.863263,-17.865404,-20.000000,-20.000000
3.970000,-14.326706,-14.394629,-17.865341,-17.878926,-20.000000,-20.000000
3.980000,-14.320801,-14.347699,-17.864160,-17.869540,-20.000000,-20.000000
3.990000,-14.318858,-14.382767,-17.863772,-17.876553,-20.000000,-20.000000
4.000000,-14.332015,-14.374062,-17.866403,-17.874812,-20.000000,-20.000000
4.010000,-8.311345,-8.360626,-16.662269,-16.672125,-20.000000,-20.000000
4.020000,-8.341379,-8.410424,-16.668276,-16.682085,-20.000000,-20.000000
4.030000,-8.318046,-8.363669,-16.663609,-16.672734,-20.000000,-20.000000
4.040000,-8.333627,-8.438184,-16.666725,-16.687637,-20.000000,-20.000000
4.050000,-8.310133,-8.377550,-16.662027,-16.675510,-20.000000,-20.000000
4.060000,-8.300404,-8.410812,-16.660081,-16.682162,-20.000000,-20.000000
4.070000,-8.298568,-8.369918,-16.659714,-16.673984,-20.000000,-20.000000
4.080000,-8.285539,-8.359564,-16.657108,-16.671913,-20.000000,-20.000000
4.090000,-8.304255,-8.359564,-16.660851,-16.671913,-20.000000,-20.000000
4.100000,-8.285355,-8.329157,-16.657071,-16.665831,-20.000000,-20.000000
4.110000,-8.306181,-8.409827,-16.661236,-16.681965,-20.000000,-20.000000
4.120000,-8.290355,-8.341168,-16.658071,-16.668234,-20.000000,-20.000000
4.130000,-8.289506,-8.414824,-16.657901,-16.682965,-20.000000,-20.000000
4.140000,-8.295137,-8.361832,-16.659027,-16.672366,-20.000000,-20.000000
4.150000,-8.292906,-8.410017,-16.658581,-16.682003,-20.000000,-20.000000
4.160000,-8.319039,-8.370531,-16.663808,-16.674106,-20.000000,-20.000000
4.170000,-8.302839,-8.366934,-16.660568,-16.673387,-20.000000,-20.000000
4.180000,-8.320978,-8.386329,-16.664196,-16.677266,-20.000000,-20.000000
4.190000,-8.297753,-8.339512,-16.659551,-16.667902,-20.000000,-20.000000
4.200000,-8.315408,-8.377664,-16.663082,-16.675533,-20.000000,-20.000000
4.210000,-8.315152,-8.334170,-16.663030,-16.666834,-20.000000,-20.000000
4.220000,-8.323098,-8.362883,-16.664620,-16.672577,-20.000000,-20.000000
4.230000,-8.334135,-8.362101,-16.666827,-16.672420,-20.000000,-20.000000
4.240000,-8.314424,-8.342536,-16.662885,-16.668507,-20.000000,-20.000000
4.250000,-8.332826,-8.411470,-16.666565,-16.682294,-20.000000,-20.000000
4.260000,-8.312760,-8.352082,-16.662552,-16.670416,-20.000000,-20.000000
4.270000,-8.333003,-8.435418,-16.666601,-16.687084,-20.000000,-20.000000
4.280000,-8.324959,-8.387268,-16.664992,-16.677454,-20.000000,-20.000000
4.290000,-8.325983,-8.447965,-16.665197,-16.689593,-20.000000,-20.000000
4.300000,-8.330532,-8.415744,-16.666106,-16.683149,-20.000000,-20.000000
4.310000,-8.301521,-8.434955,-16.660304,-16.686991,-20.000000,-20.000000
4.320000,-8.303163,-8.433459,-16.660633,-16.686692,-20.000000,-20.000000
4.330000,-8.267652,-8.392343,-16.653530,-16.678469,-20.000000,-20.000000
4.340000,-8.275127,-8.441420,-16.655025,-16.688284,-20.000000,-20.000000
4.350000,-8.254644,-8.371094,-16.650929,-16.674219,-20.000000,-20.000000
4.360000,-8.269632,-8.443915,-16.653926,-16.688783,-20.000000,-20.000000
4.370000,-8.274099,-8.383443,-16.654820,-16.676689,-20.000000,-20.000000
4.380000,-8.261194,-8.414767,-16.652239,-16.682953,-20.000000,-20.000000
4.390000,-8.280981,-8.393089,-16.656196,-16.678618,-20.000000,-20.000000
4.400000,-8.263626,-8.389315,-16.652725,-16.677863,-20.000000,-20.000000
4.410000,-8.297335,-8.423759,-16.659467,-16.684752,-20.000000,-20.000000
4.420000,-8.282904,-8.382447,-16.656581,-16.676489,-20.000000,-20.000000
4.430000,-8.283762,-8.453628,-16.656752,-16.690726,-20.000000,-20.000000
4.440000,-8.264007,-8.390318,-16.652801,-16.678064,-20.000000,-20.000000
4.450000,-8.236974,-8.444444,-16.647395,-16.688889,-20.000000,-20.000000
4.460000,-8.238595,-8.392790,-16.647719,-16.678558,-20.000000,-20.000000
4.470000,-8.200047,-8.418432,-16.640009,-16.683686,-20.000000,-20.000000
4.480000,-8.211048,-8.401986,-16.642210,-16.680397,-20.000000,-20.000000
4.490000,-8.245816,-8.418993,-16.649163,-16.683799,-20.000000,-20.000000
4.500000,-8.239988,-8.365936,-16.647998,-16.673187,-20.000000,-20.000000
4.510000,-8.249185,-8.384821,-16.649837,-16.676964,-20.000000,-20.000000
4.520000,-8.251765,-8.359951,-16.650353,-16.671990,-20.000000,-20.000000
4.530000,-8.237917,-8.383847,-16.647583,-16.676769,-20.000000,-20.000000
4.540000,-8.243103,-8.403868,-16.648621,-16.680774,-20.000000,-20.000000
4.550000,-8.216430,-8.388649,-16.643286,-16.677730,-20.000000,-20.000000
4.560000,-8.207130,-8.437555,-16.641426,-16.687511,-20.000000,-20.000000
4.570000,-8.181286,-8.387327,-16.636257,-16.677465,-20.000000,-20.000000
4.580000,-8.190567,-8.460105,-16.638113,-16.692021,-20.000000,-20.000000
4.590000,-8.199244,-8.374381,-16.639849,-16.674876,-20.000000,-20.000000
4.600000,-8.210647,-8.454641,-16.642129,-16.690928,-20.000000,-20.000000
4.610000,-8.226441,-8.373668,-16.645288,-16.674734,-20.000000,-20.000000
4.620000,-8.212135,-8.450248,-16.642427,-16.690050,-20.000000,-20.000000
4.630000,-8.211038,-8.415876,-16.642208,-16.683175,-20.000000,-20.000000
4.640000,-8.182231,-8.422910,-16.636446,-16.684582,-20.000000,-20.000000
4.650000,-8.178929,-8.424409,-16.635786,-16.684882,-20.000000,-20.000000
4.660000,-8.177278,-8.409012,-16.635456,-16.681802,-20.000000,-20.000000
4.670000,-8.207738,-8.439662,-16.641548,-16.687932,-20.000000,-20.000000
4.680000,-8.220949,-8.408565,-16.644190,-16.681713,-20.000000,-20.000000
4.690000,-8.223518,-8.454577,-16.644704,-16.690915,-20.000000,-20.000000
4.700000,-8.224803,-8.407948,-16.644961,-16.681590,-20.000000,-20.000000
4.710000,-8.207279,-8.464361,-16.641456,-16.692872,-20.000000,-20.000000
4.720000,-8.200536,-8.425960,-16.640107,-16.685192,-20.000000,-20.000000
4.730000,-8.187072,-8.452173,-16.637414,-16.690435,-20.000000,-20.000000
4.740000,-8.200525,-8.437022,-16.640105,-16.687404,-20.000000,-20.000000
4.750000,-8.222389,-8.436511,-16.644478,-16.687302,-20.000000,-20.000000
4.760000,-8.244422,-8.451394,-16.648884,-16.690279,-20.000000,-20.000000
4.770000,-8.250392,-8.396265,-16.650078,-16.679253,-20.000000,-20.000000
4.780000,-8.252369,-8.454482,-16.650474,-16.690896,-20.000000,-20.000000
4.790000,-8.252347,-8.411938,-16.650469,-16.682388,-20.000000,-20.000000
4.800000,-8.234171,-8.465346,-16.646834,-16.693069,-20.000000,-20.000000
4.810000,-8.223065,-8.427462,-16.644613,-16.685492,-20.000000,-20.000000
4.820000,-8.206410,-8.427462,-16.641282,-16.685492,-20.000000,-20.000000
4.830000,-8.210194,-8.427694,-16.642039,-16.685539,-20.000000,-20.000000
4.840000,-8.216122,-8.409645,-16.643224,-16.681929,-20.000000,-20.000000
4.850000,-8.231196,-8.447043,-16.646239,-16.689409,-20.000000,-20.000000
4.860000,-8.236715,-8.395099,-16.647343,-16.679020,-20.000000,-20.000000
4.870000,-8.258650,-8.438761,-16.651730,-16.687752,-20.000000,-20.000000
4.880000,-8.263561,-8.417197,-16.652712,-16.683439,-20.000000,-20.000000
4.890000,-8.258953,-8.451828,-16.651791,-16.690366,-20.000000,-20.000000
4.900000,-8.252612,-8.437859,-16.650522,-16.687572,-20.000000,-20.000000
4.910000,-8.238340,-8.415737,-16.647668,-16.683147,-20.000000,-20.000000
4.920000,-8.244324,-8.450089,-16.648865,-16.690018,-20.000000,-20.000000
4.930000,-8.236215,-8.400658,-16.647243,-16.680132,-20.000000,-20.000000
4.940000,-8.256381,-8.484936,-16.651276,-16.696987,-20.000000,-20.000000
4.950000,-8.254354,-8.408999,-16.650871,-16.681800,-20.000000,-20.000000
4.960000,-8.278570,-8.478006,-16.655714,-16.695601,-20.000000,-20.000000
4.970000,-8.284623,-8.432782,-16.656925,-16.686556,-20.000000,-20.000000
4.980000,-8.292695,-8.476778,-16.658539,-16.695356,-20.000000,-20.000000
4.990000,-8.300768,-8.474554,-16.660154,-16.694911,-20.000000,-20.000000
5.000000,-8.292694,-8.469406,-16.658539,-16.693881,-20.000000,-20.000000
5.010000,-8.295722,-8.500135,-16.659144,-16.700027,-20.000000,-20.000000
5.020000,-8.267969,-8.419626,-16.653594,-16.683925,-20.000000,-20.000000
5.030000,-8.273267,-8.479282,-16.654653,-16.695856,-20.000000,-20.000000
5.040000,-8.265824,-8.414246,-16.653165,-16.682849,-20.000000,-20.000000
5.050000,-8.282287,-8.480629,-16.656457,-16.696126,-20.000000,-20.000000
5.060000,-8.300610,-8.457305,-16.660122,-16.691461,-20.000000,-20.000000
5.070000,-8.307753,-8.470874,-16.661551,-16.694175,-20.000000,-20.000000
5.080000,-8.330500,-8.477658,-16.666100,-16.695532,-20.000000,-20.000000
5.090000,-8.313615,-8.445728,-16.662723,-16.689146,-20.000000,-20.000000
5.100000,-8.315265,-8.513526,-16.663053,-16.702705,-20.000000,-20.000000
5.110000,-8.293888,-8.445497,-16.658778,-16.689099,-20.000000,-20.000000
5.120000,-8.283199,-8.494236,-16.656640,-16.698847,-20.000000,-20.000000
5.130000,-8.279873,-8.432824,-16.655975,-16.686565,-20.000000,-20.000000
5.140000,-8.273164,-8.471752,-16.654633,-16.694350,-20.000000,-20.000000
5.150000,-8.295039,-8.456904,-16.659008,-16.691381,-20.000000,-20.000000
5.160000,-8.278729,-8.416176,-16.655746,-16.683235,-20.000000,-20.000000
5.170000,-8.310941,-8.460401,-16.662188,-16.692080,-20.000000,-20.000000
5.180000,-8.295763,-8.498660,-16.659153,-16.699732,-20.000000,-20.000000
5.190000,-8.299274,-8.398705,-16.659855,-16.679741,-20.000000,-20.000000
5.200000,-8.304058,-8.474877,-16.660812,-16.694975,-20.000000,-20.000000
5.210000,-8.312505,-8.427181,-16.662501,-16.685436,-20.000000,-20.000000
5.220000,-8.283425,-8.439664,-16.656685,-16.687933,-20.000000,-20.000000
5.230000,-8.284023,-8.453979,-16.656805,-16.690796,-20.000000,-20.000000
5.240000,-8.258082,-8.409668,-16.651616,-16.681934,-20.000000,-20.000000
5.250000,-8.255204,-8.470266,-16.651041,-16.694053,-20.000000,-20.000000
5.260000,-8.252756,-8.470266,-16.650551,-16.694053,-20.000000,-20.000000
5.270000,-8.254560,-8.514694,-16.650912,-16.702939,-20.000000,-20.000000
5.280000,-8.270599,-8.444062,-16.654120,-16.688812,-20.000000,-20.000000
5.290000,-8.264490,-8.463243,-16.652898,-16.692649,-20.000000,-20.000000
5.300000,-8.290703,-8.455677,-16.658141,-16.691135,-20.000000,-20.000000
5.310000,-8.262432,-8.441802,-16.652486,-16.688360,-20.000000,-20.000000
5.320000,-8.268480,-8.488352,-16.653696,-16.697670,-20.000000,-20.000000
5.330000,-8.242238,-8.430891,-16.648448,-16.686178,-20.000000,-20.000000
5.340000,-8.222052,-8.490970,-16.644410,-16.698194,-20.000000,-20.000000
5.350000,-8.215996,-8.429172,-16.643199,-16.685834,-20.000000,-20.000000
5.360000,-8.210950,-8.465890,-16.642190,-16.693178,-20.000000,-20.000000
5.370000,-8.237693,-8.435807,-16.647539,-16.687161,-20.000000,-20.000000
5.380000,-8.232899,-8.444986,-16.646580,-16.688997,-20.000000,-20.000000
5.390000,-8.252705,-8.444986,-16.650541,-16.688997,-20.000000,-20.000000
5.400000,-8.231322,-8.425355,-16.646264,-16.685071,-20.000000,-20.000000
5.410000,-8.224668,-8.473064,-16.644934,-16.694613,-20.000000,-20.000000
5.420000,-8.208221,-8.420219,-16.641644,-16.684044,-20.000000,-20.000000
5.430000,-8.196970,-8.455358,-16.639394,-16.691072,-20.000000,-20.000000
5.440000,-8.208501,-8.414394,-16.641700,-16.682879,-20.000000,-20.000000
5.450000,-8.212248,-8.447400,-16.642450,-16.689480,-20.000000,-20.000000
5.460000,-8.239352,-8.425553,-16.647870,-16.685111,-20.000000,-20.000000
5.470000,-8.233729,-8.443896,-16.646746,-16.688779,-20.000000,-20.000000
5.480000,-8.240000,-8.440957,-16.648000,-16.688191,-20.000000,-20.000000
5.490000,-8.219924,-8.389028,-16.643985,-16.677806,-20.000000,-20.000000
5.500000,-8.205849,-8.423615,-16.641170,-16.684723,-20.000000,-20.000000
5.510000,-8.198812,-8.361182,-16.639762,-16.672236,-20.000000,-20.000000
5.520000,-8.198321,-8.428867,-16.639664,-16.685773,-20.000000,-20.000000
5.530000,-8.208167,-8.364817,-16.641633,-16.672963,-20.000000,-20.000000
5.540000,-8.208044,-8.424630,-16.641609,-16.684926,-20.000000,-20.000000
5.550000,-8.224130,-8.357653,-16.644826,-16.671531,-20.000000,-20.000000
5.560000,-8.224099,-8.407928,-16.644820,-16.681586,-20.000000,-20.000000
5.570000,-8.233167,-8.376550,-16.646633,-16.675310,-20.000000,-20.000000
5.580000,-8.227609,-8.407284,-16.645522,-16.681457,-20.000000,-20.000000
5.590000,-8.221802,-8.446872,-16.644360,-16.689374,-20.000000,-20.000000
5.600000,-8.212843,-8.423271,-16.642569,-16.684654,-20.000000,-20.000000
5.610000,-8.194235,-8.477068,-16.638847,-16.695414,-20.000000,-20.000000
5.620000,-8.198051,-8.426258,-16.639610,-16.685252,-20.000000,-20.000000
5.630000,-8.215097,-8.473515,-16.643019,-16.694703,-20.000000,-20.000000
5.640000,-8.233711,-8.435583,-16.646742,-16.687117,-20.000000,-20.000000
5.650000,-8.246046,-8.465058,-16.649209,-16.693012,-20.000000,-20.000000
5.660000,-8.254232,-8.456585,-16.650846,-16.691317,-20.000000,-20.000000
5.670000,-8.256307,-8.447302,-16.651261,-16.689460,-20.000000,-20.000000
5.680000,-8.233123,-8.482019,-16.646625,-16.696404,-20.000000,-20.000000
5.690000,-8.223550,-8.429743,-16.644710,-16.685949,-20.000000,-20.000000
5.700000,-8.216745,-8.495442,-16.643349,-16.699088,-20.000000,-20.000000
5.710000,-8.227471,-8.441500,-16.645494,-16.688300,-20.000000,-20.000000
5.720000,-8.251000,-8.485173,-16.650200,-16.697035,-20.000000,-20.000000
5.730000,-8.266801,-8.444440,-16.653360,-16.688888,-20.000000,-20.000000
5.740000,-8.268646,-8.453340,-16.653729,-16.690668,-20.000000,-20.000000
5.750000,-8.272597,-8.432560,-16.654519,-16.686512,-20.000000,-20.000000
5.760000,-8.262461,-8.486758,-16.652492,-16.697352,-20.000000,-20.000000
5.770000,-8.249320,-8.416974,-16.649864,-16.683395,-20.000000,-20.000000
5.780000,-8.256878,-8.484012,-16.651376,-16.696802,-20.000000,-20.000000
5.790000,-8.260658,-8.434776,-16.652132,-16.686955,-20.000000,-20.000000
5.800000,-8.271630,-8.476765,-16.654326,-16.695353,-20.000000,-20.000000
5.810000,-8.284180,-8.445282,-16.656836,-16.689056,-20.000000,-20.000000
5.820000,-8.287428,-8.444678,-16.657486,-16.688936,-20.000000,-20.000000
5.830000,-8.303181,-8.464560,-16.660636,-16.692912,-20.000000,-20.000000
5.840000,-8.290873,-8.417986,-16.658175,-16.683597,-20.000000,-20.000000
5.850000,-8.308940,-8.467361,-16.661788,-16.693472,-20.000000,-20.000000
5.860000,-8.301826,-8.438561,-16.660365,-16.687712,-20.000000,-20.000000
5.870000,-8.287168,-8.462511,-16.657434,-16.692502,-20.000000,-20.000000
5.880000,-8.288922,-8.454301,-16.657784,-16.690860,-20.000000,-20.000000
5.890000,-8.281725,-8.454234,-16.656345,-16.690847,-20.000000,-20.000000
5.900000,-8.300329,-8.482457,-16.660066,-16.696491,-20.000000,-20.000000
5.910000,-8.291466,-8.438036,-16.658293,-16.687607,-20.000000,-20.000000
5.920000,-8.291466,-8.502616,-16.658293,-16.700523,-20.000000,-20.000000
5.930000,-8.299144,-8.461234,-16.659829,-16.692247,-20.000000,-20.000000
5.940000,-8.319131,-8.507151,-16.663826,-16.701430,-20.000000,-20.000000
5.950000,-8.319032,-8.496805,-16.663806,-16.699361,-20.000000,-20.000000
5.960000,-8.309900,-8.528973,-16.661980,-16.705795,-20.000000,-20.000000
5.970000,-8.311389,-8.518818,-16.662278,-16.703764,-20.000000,-20.000000
5.980000,-8.286904,-8.487501,-16.657381,-16.697500,-20.000000,-20.000000
5.990000,-8.297872,-8.487501,-16.659574,-16.697500,-20.000000,-20.000000
6.000000,-8.281155,-8.438539,-16.656231,-16.687708,-20.000000,-20.000000
6.010000,-9.290961,-9.497822,-16.858192,-16.899564,0.000000,0.000000
6.020000,-8.719612,-9.497822,-1.743922,-1.899564,0.000000,0.000000
6.030000,-6.283337,-6.758224,-1.256667,-1.351645,0.000000,0.000000
6.040000,-3.880402,-4.049219,-0.776080,-0.809844,0.000000,0.000000
6.050000,-2.139013,-2.144704,-0.427803,-0.428941,0.000000,0.000000
6.060000,-1.101801,-1.035012,-0.220360,-0.207002,0.000000,0.000000
6.070000,-0.550900,-0.419614,-0.110180,-0.083923,0.000000,0.000000
6.080000,-0.275450,-0.063473,-0.055090,-0.012695,0.000000,0.000000
6.090000,-0.137725,0.135790,-0.027545,0.027158,0.000000,0.000000
6.100000,-0.068863,0.239459,-0.013773,0.047892,0.000000,0.000000
6.110000,-0.034431,0.286247,-0.006886,0.057249,0.000000,0.000000
6.120000,-0.017216,0.307623,-0.003443,0.061525,0.000000,0.000000
6.130000,-0.008608,0.323357,-0.001722,0.064671,0.000000,0.000000
6.140000,-0.004304,0.340306,-0.000861,0.068061,0.000000,0.000000
6.150000,-0.002152,0.350800,-0.000430,0.070160,0.000000,0.000000
6.160000,-0.001076,0.341917,-0.000215,0.068383,0.000000,0.000000
6.170000,-0.000538,0.329403,-0.000108,0.065881,0.000000,0.000000
6.180000,-0.000269,0.322136,-0.000054,0.064427,0.000000,0.000000
6.190000,-0.000134,0.310429,-0.000027,0.062086,0.000000,0.000000
6.200000,-0.000067,0.284392,-0.000013,0.056878,0.000000,0.000000
6.210000,-0.000034,0.248162,-0.000007,0.049632,0.000000,0.000000
6.220000,-0.000017,0.208854,-0.000003,0.041771,0.000000,0.000000
6.230000,-0.000008,0.179107,-0.000002,0.035821,0.000000,0.000000
6.240000,-0.000004,0.151115,-0.000001,0.030223,0.000000,0.000000
6.250000,-0.000002,0.121980,-0.000000,0.024396,0.000000,0.000000
6.260000,-0.000001,0.106404,-0.000000,0.021281,0.000000,0.000000
6.270000,-0.000001,0.096598,-0.000000,0.019320,0.000000,0.000000
6.280000,-0.000000,0.100777,-0.000000,0.020155,0.000000,0.000000
6.290000,-0.000000,0.099839,-0.000000,0.019968,0.000000,0.000000
6.300000,-0.000000,0.092306,-0.000000,0.018461,0.000000,0.000000
6.310000,-0.000000,0.094594,-0.000000,0.018919,0.000000,0.000000
6.320000,-0.000000,0.095739,-0.000000,0.019148,0.000000,0.000000
6.330000,-0.000000,0.090256,-0.000000,0.018051,0.000000,0.000000
6.340000,-0.000000,0.085496,-0.000000,0.017099,0.000000,0.000000
6.350000,-0.000000,0.083116,-0.000000,0.016623,0.000000,0.000000
6.360000,-0.000000,0.079907,-0.000000,0.015981,0.000000,0.000000
6.370000,-0.000000,0.069220,-0.000000,0.013844,0.000000,0.000000
6.380000,-0.000000,0.066905,-0.000000,0.013381,0.000000,0.000000
6.390000,-0.000000,0.068774,-0.000000,0.013755,0.000000,0.000000
6.400000,-0.000000,0.064663,-0.000000,0.012933,0.000000,0.000000
6.410000,-0.000000,0.054534,-0.000000,0.010907,0.000000,0.000000
6.420000,-0.000000,0.040387,-0.000000,0.008077,0.000000,0.000000
6.430000,-0.000000,0.027258,-0.000000,0.005452,0.000000,0.000000
6.440000,-0.000000,0.016656,-0.000000,0.003331,0.000000,0.000000
6.450000,-0.000000,0.011356,-0.000000,0.002271,0.000000,0.000000
6.460000,-0.000000,0.008705,-0.000000,0.001741,0.000000,0.000000
6.470000,-0.000000,0.010408,-0.000000,0.002082,0.000000,0.000000
6.480000,-0.000000,0.013278,-0.000000,0.002656,0.000000,0.000000
6.490000,-0.000000,0.009666,-0.000000,0.001933,0.000000,0.000000
6.500000,-0.000000,0.008870,-0.000000,0.001774,0.000000,0.000000
