0.000000,-7.000000,-7.000000,0.000000,0.300000,3.141593,0.000000
0.010000,-7.000000,-7.000000,0.000000,0.300000,3.141593,0.000000
0.020000,-7.000000,-7.000000,0.000000,0.300000,3.141593,0.000000
0.030000,-7.000000,-7.000000,0.000000,0.300000,3.141593,0.000000
0.040000,-7.000000,-7.000000,0.000000,0.299974,3.141593,0.000088
0.050000,-7.000000,-7.000000,0.000000,0.299806,3.141593,0.000353
0.060000,-7.000000,-7.000000,0.000000,0.299533,3.141592,0.000441
0.070000,-7.000000,-7.000000,0.000000,0.299259,3.141592,0.000353
0.080000,-7.000000,-7.000000,0.000000,0.298950,3.141592,-0.000265
0.090000,-7.000000,-7.000000,0.000000,0.298553,3.141592,-0.000706
0.100000,-7.000000,-7.000000,0.000000,0.297989,-3.141591,-0.001588
0.110000,-7.000000,-7.000000,0.000000,0.297257,-3.141586,-0.002558
0.120000,-7.000000,-7.000000,0.000000,0.296419,-3.141577,-0.003705
0.130000,-7.000000,-7.000000,0.000000,0.295546,-3.141564,-0.004675
0.140000,-7.000000,-7.000000,0.000000,0.294664,-3.141549,-0.005733
0.150000,-7.000000,-7.000000,0.000000,0.293738,-3.141529,-0.006703
0.160000,-7.000000,-7.000000,0.000000,0.292679,-3.141503,-0.007762
0.170000,-7.000000,-7.000000,0.000000,0.291471,-3.141468,-0.008556
0.180000,-7.000000,-7.000000,0.000000,0.290121,-3.141426,-0.009526
0.190000,-7.000000,-7.000000,0.000000,0.288657,-3.141373,-0.010761
0.200000,-7.000000,-7.000000,0.000000,0.287149,-3.141313,-0.011908
0.210000,-7.000000,-7.000000,0.000000,0.285641,-3.141245,-0.013231
0.220000,-7.000000,-7.000000,0.000000,0.284203,-3.141172,-0.015083
0.230000,-7.000000,-7.000000,0.000000,0.282739,-3.141088,-0.016141
0.240000,-7.000000,-7.000000,0.000000,0.281081,-3.140987,-0.017200
0.250000,-7.000000,-7.000000,0.000000,0.279168,-3.140862,-0.018170
0.260000,-7.000000,-7.000000,0.000000,0.277210,-3.140723,-0.019581
0.270000,-7.000000,-7.000000,0.000000,0.275235,-3.140573,-0.020640
0.280000,-7.000000,-7.000000,0.000000,0.273339,-3.140420,-0.021434
0.290000,-7.000000,-7.000000,0.000000,0.271407,-3.140255,-0.022404
0.300000,-7.000000,-7.000000,0.000000,0.269362,-3.140072,-0.023109
0.310000,-7.000000,-7.000000,0.000000,0.267263,-3.139877,-0.023639
0.320000,-7.000000,-7.000000,0.000000,0.265182,-3.139676,-0.024168
0.330000,-7.000000,-7.000000,0.000000,0.263101,-3.139467,-0.024873
0.340000,-7.000000,-7.000000,0.000000,0.260959,-3.139243,-0.025315
0.350000,-7.000000,-7.000000,0.000000,0.258719,-3.139001,-0.025844
0.360000,-7.000000,-7.000000,0.000000,0.256471,-3.138749,-0.026461
0.370000,-7.000000,-7.000000,0.000000,0.254267,-3.138493,-0.026990
0.380000,-7.000000,-7.000000,0.000000,0.252160,-3.138239,-0.027608
0.390000,-7.000000,-7.000000,0.000000,0.250026,-3.137971,-0.028490
0.400000,-7.000000,-7.000000,0.000000,0.247796,-3.137679,-0.029107
0.410000,-7.000000,-7.000000,0.000000,0.245557,-3.137373,-0.030166
0.420000,-7.000000,-7.000000,0.000000,0.243397,-3.137065,-0.030783
0.430000,-7.000000,-7.000000,0.000000,0.241246,-3.136748,-0.031136
0.440000,-7.000000,-7.000000,0.000000,0.239016,-3.136410,-0.031577
0.450000,-7.000000,-7.000000,0.000000,0.236672,-3.136044,-0.031930
0.460000,-7.000000,-7.000000,0.000000,0.234442,-3.135686,-0.032194
0.470000,-7.000000,-7.000000,0.000000,0.232353,-3.135342,-0.032459
0.480000,-7.000000,-7.000000,0.000000,0.230317,-3.135001,-0.032194
0.490000,-7.000000,-7.000000,0.000000,0.228105,-3.134621,-0.032988
0.500000,-7.000000,-7.000000,0.000000,0.225866,-3.134225,-0.032988
0.510000,-7.000000,-7.000000,0.000000,0.223645,-3.133822,-0.033341
0.520000,-7.000000,-7.000000,0.000000,0.221557,-3.133435,-0.033076
0.530000,-7.000000,-7.000000,0.000000,0.219485,-3.133048,-0.032635
0.540000,-7.000000,-7.000000,0.000000,0.217318,-3.132636,-0.032812
0.550000,-7.000000,-7.000000,0.000000,0.215194,-3.132226,-0.032371
0.560000,-7.000000,-7.000000,0.000000,0.213114,-3.131818,-0.032547
0.570000,-7.000000,-7.000000,0.000000,0.211043,-3.131404,-0.032106
0.580000,-7.000000,-7.000000,0.000000,0.208884,-3.130967,-0.032018
0.590000,-7.000000,-7.000000,0.000000,0.206751,-3.130529,-0.031665
0.600000,-7.000000,-7.000000,0.000000,0.204636,-3.130087,-0.031665
0.610000,-7.000000,-7.000000,0.000000,0.202610,-3.129656,-0.031489
0.620000,-7.000000,-7.000000,0.000000,0.200539,-3.129207,-0.031577
0.630000,-7.000000,-7.000000,0.000000,0.198433,-3.128737,-0.032018
0.640000,-7.000000,-7.000000,0.000000,0.196256,-3.128241,-0.031753
0.650000,-7.000000,-7.000000,0.000000,0.194195,-3.127762,-0.031753
0.660000,-7.000000,-7.000000,0.000000,0.192159,-3.127281,-0.031312
0.670000,-7.000000,-7.000000,0.000000,0.190053,-3.126778,-0.030695
0.680000,-7.000000,-7.000000,0.000000,0.187921,-3.126263,-0.030519
0.690000,-7.000000,-7.000000,0.000000,0.185912,-3.125767,-0.030519
0.700000,-7.000000,-7.000000,0.000000,0.183859,-3.125249,-0.030430
0.710000,-7.000000,-7.000000,0.000000,0.181665,-3.124684,-0.030519
0.720000,-7.000000,-7.000000,0.000000,0.179480,-3.124104,-0.030871
0.730000,-7.000000,-7.000000,0.000000,0.177480,-3.123555,-0.031489
0.740000,-7.000000,-7.000000,0.000000,0.175551,-3.123009,-0.031753
0.750000,-6.984767,-7.000000,0.000000,0.173578,-3.122435,-0.031930
0.760000,-6.843768,-7.000000,0.000000,0.171420,-3.121790,-0.032194
0.770000,-6.710551,-7.000000,0.000000,0.169147,-3.121090,-0.032194
0.780000,-6.565696,-7.000000,0.000000,0.166937,-3.120390,-0.032459
0.790000,-6.435215,-6.980263,0.000000,0.164893,-3.119723,-0.032635
0.800000,-6.339115,-6.887160,0.000000,0.162938,-3.119071,-0.032283
0.810000,-6.202932,-6.760024,0.000000,0.160807,-3.118342,-0.032459
0.820000,-6.082803,-6.645191,0.000000,0.158543,-3.117548,-0.032194
0.830000,-5.946093,-6.517330,0.000000,0.156333,-3.116752,-0.032283
0.840000,-5.837711,-6.413299,0.000000,0.154202,-3.115964,-0.031930
0.850000,-5.739484,-6.318335,0.000000,0.152168,-3.115196,-0.031489
0.860000,-5.620895,-6.206199,0.000000,0.150037,-3.114375,-0.031312
0.870000,-5.512201,-6.101752,0.000000,0.147845,-3.113509,-0.030871
0.880000,-5.383593,-5.981776,0.000000,0.145714,-3.112646,-0.030871
0.890000,-5.272107,-5.876251,0.000000,0.143645,-3.111785,-0.030607
0.900000,-5.114682,-5.734429,0.000000,0.141655,-3.110930,-0.031312
0.910000,-4.989731,-5.618025,0.000000,0.139533,-3.109987,-0.031224
0.920000,-4.889605,-5.522075,0.000000,0.137456,-3.109041,-0.030695
0.930000,-4.808934,-5.442068,0.000000,0.135414,-3.108092,-0.029813
0.940000,-4.776793,-5.401440,0.000000,0.133459,-3.107177,-0.028049
0.950000,-4.617724,-5.262394,0.000000,0.131857,-3.106409,-0.029284
0.960000,-4.421274,-5.094072,0.000000,0.130300,-3.105625,-0.031312
0.970000,-4.161002,-4.873870,0.000000,0.128584,-3.104705,-0.034400
0.980000,-3.893172,-4.647819,0.000000,0.126842,-3.103703,-0.037575
0.990000,-3.620987,-4.419861,0.000000,0.125250,-3.102720,-0.041015
1.000000,-3.349994,-4.194983,0.000000,0.123879,-3.101813,-0.044719
1.010000,-3.073206,-3.967344,0.000000,0.122666,-3.100956,-0.048777
1.020000,-2.804015,-3.746925,0.000000,0.121463,-3.100048,-0.052746
1.030000,-2.542398,-3.533843,0.000000,0.120252,-3.099075,-0.056627
1.040000,-2.277729,-3.320076,0.000000,0.119041,-3.098042,-0.060684
1.050000,-2.036225,-3.126723,0.000000,0.117909,-3.097020,-0.064477
1.060000,-1.802411,-2.941750,0.000000,0.116857,-3.096017,-0.068358
1.070000,-1.578131,-2.766492,0.000000,0.115841,-3.094996,-0.072239
1.080000,-1.373799,-2.608768,0.000000,0.114852,-3.093951,-0.075855
1.090000,-1.163852,-2.449468,0.000000,0.113863,-3.092856,-0.079825
1.100000,-0.997820,-2.325320,0.000000,0.112988,-3.091842,-0.083000
1.110000,-0.852931,-2.219043,0.000000,0.112272,-3.090980,-0.085999
1.120000,-0.735637,-2.134263,0.000000,0.111643,-3.090199,-0.088469
1.130000,-0.641000,-2.066189,0.000000,0.110944,-3.089306,-0.090233
1.140000,-0.549432,-2.001099,0.000000,0.110202,-3.088334,-0.091908
1.150000,-0.476728,-1.949869,0.000000,0.109521,-3.087422,-0.093143
1.160000,-0.413112,-1.905713,0.000000,0.108937,-3.086623,-0.094290
1.170000,-0.355531,-1.866245,0.000000,0.108396,-3.085870,-0.095348
1.180000,-0.310615,-1.835538,0.000000,0.107891,-3.085154,-0.096054
1.190000,-0.263850,-1.803837,0.000000,0.107333,-3.084354,-0.096760
1.200000,-0.220626,-1.774785,0.000000,0.106784,-3.083554,-0.097377
1.210000,-0.186445,-1.751612,0.000000,0.106217,-3.082718,-0.097642
1.220000,-0.159026,-1.732783,0.000000,0.105642,-3.081859,-0.097642
1.230000,-0.129976,-1.713169,0.000000,0.105076,-3.081003,-0.097730
1.240000,-0.112441,-1.700828,0.000000,0.104562,-3.080219,-0.097465
1.250000,-0.094934,-1.688579,0.000000,0.104048,-3.079429,-0.097201
1.260000,-0.077456,-1.676426,0.000000,0.103535,-3.078632,-0.096936
1.270000,-0.065917,-1.667961,0.000000,0.103056,-3.077883,-0.096495
1.280000,-0.054235,-1.659599,0.000000,0.102620,-3.077199,-0.096142
1.290000,-0.055167,-1.658784,0.000000,0.102228,-3.076579,-0.095348
1.300000,-0.061930,-1.661496,0.000000,0.101871,-3.076014,-0.094378
1.310000,-0.076333,-1.668787,0.000000,0.101541,-3.075491,-0.093143
1.320000,-0.100307,-1.681835,0.000000,0.101227,-3.074996,-0.091556
1.330000,-0.127177,-1.696738,0.000000,0.100922,-3.074516,-0.089880
1.340000,-0.164068,-1.718035,0.000000,0.100678,-3.074135,-0.087939
1.350000,-0.200652,-1.739473,0.000000,0.100460,-3.073798,-0.086087
1.360000,-0.241501,-1.763865,0.000000,0.100268,-3.073503,-0.084147
1.370000,-0.279434,-1.786598,0.000000,0.100050,-3.073171,-0.082294
1.380000,-0.323830,-1.813514,0.000000,0.099806,-3.072802,-0.080177
1.390000,-0.367241,-1.839935,0.000000,0.099527,-3.072384,-0.078060
1.400000,-0.418400,-1.871549,0.000000,0.099239,-3.071957,-0.075679
1.410000,-0.476610,-1.908145,0.000000,0.098969,-3.071560,-0.073121
1.420000,-0.538216,-1.947333,0.000000,0.098689,-3.071156,-0.070475
1.430000,-0.603545,-1.989176,0.000000,0.098357,-3.070682,-0.067652
1.440000,-0.663937,-2.028031,0.000000,0.098008,-3.070190,-0.065006
1.450000,-0.726724,-2.068705,0.000000,0.097632,-3.069667,-0.062272
1.460000,-0.781822,-2.104397,0.000000,0.097247,-3.069137,-0.059802
1.470000,-0.844456,-2.145562,0.000000,0.096880,-3.068638,-0.057156
1.480000,-0.910496,-2.189304,0.000000,0.096504,-3.068134,-0.054422
1.490000,-0.975519,-2.232427,0.000000,0.096093,-3.067589,-0.051687
1.500000,-1.050944,-2.283116,0.000000,0.095690,-3.067064,-0.048689
1.510000,-1.116692,-2.327353,0.000000,0.095305,-3.066569,-0.046042
1.520000,-1.192977,-2.379299,0.000000,0.094928,-3.066092,-0.043132
1.530000,-1.267838,-2.430517,0.000000,0.094560,-3.065634,-0.040309
1.540000,-1.340323,-2.479931,0.000000,0.094140,-3.065119,-0.037487
1.550000,-1.406193,-2.524630,0.000000,0.093702,-3.064590,-0.034841
1.560000,-1.466299,-2.565258,0.000000,0.093263,-3.064068,-0.032371
1.570000,-1.520441,-2.601624,0.000000,0.092825,-3.063552,-0.030078
1.580000,-1.563562,-2.629869,0.000000,0.092360,-3.063011,-0.028049
1.590000,-1.607104,-2.658111,0.000000,0.091851,-3.062424,-0.025932
1.600000,-1.641985,-2.679812,0.000000,0.091307,-3.061801,-0.023991
1.610000,-1.670390,-2.696766,0.000000,0.090764,-3.061182,-0.022227
1.620000,-1.698347,-2.713625,0.000000,0.090263,-3.060616,-0.020552
1.630000,-1.729960,-2.733125,0.000000,0.089772,-3.060064,-0.018787
1.640000,-1.762928,-2.753356,0.000000,0.089254,-3.059485,-0.016935
1.650000,-1.798665,-2.775133,0.000000,0.088684,-3.058852,-0.014906
1.660000,-1.837984,-2.799460,0.000000,0.088122,-3.058235,-0.012790
1.670000,-1.883470,-2.828129,0.000000,0.087560,-3.057623,-0.010496
1.680000,-1.933674,-2.860277,0.000000,0.087024,-3.057047,-0.008115
1.690000,-1.987418,-2.894909,0.000000,0.086497,-3.056489,-0.005645
1.700000,-2.048393,-2.934737,0.000000,0.085988,-3.055957,-0.002999
1.710000,-2.106741,-2.972205,0.000000,0.085443,-3.055399,-0.000353
1.720000,-2.172316,-3.014414,0.000000,0.084872,-3.054825,0.002558
1.730000,-2.219087,-3.042113,0.000000,0.084212,-3.054174,0.005116
1.740000,-2.246924,-3.055638,0.000000,0.083509,-3.053489,0.007233
1.750000,-2.283769,-3.075824,0.000000,0.082858,-3.052861,0.009526
1.760000,-2.299094,-3.081446,0.000000,0.082304,-3.052332,0.011025
1.770000,-2.330842,-3.098785,0.000000,0.081777,-3.051832,0.012966
1.780000,-2.344446,-3.102288,0.000000,0.081161,-3.051255,0.014554
1.790000,-2.363709,-3.108701,0.000000,0.080458,-3.050599,0.016494
1.800000,-2.374240,-3.108428,0.000000,0.079719,-3.049916,0.018258
1.810000,-2.384220,-3.107565,0.000000,0.078980,-3.049236,0.020022
1.820000,-2.389066,-3.103620,0.000000,0.078302,-3.048615,0.021522
1.830000,-2.404759,-3.106474,0.000000,0.077581,-3.047959,0.023462
1.840000,-2.423148,-3.110999,0.000000,0.076868,-3.047317,0.025491
1.850000,-2.436287,-3.110838,0.000000,0.076085,-3.046618,0.027520
1.860000,-2.456209,-3.114813,0.000000,0.075293,-3.045919,0.029813
1.870000,-2.467755,-3.112900,0.000000,0.074510,-3.045237,0.031842
1.880000,-2.487840,-3.116060,0.000000,0.073708,-3.044548,0.034223
1.890000,-2.501489,-3.113939,0.000000,0.072863,-3.043831,0.036516
1.900000,-2.519946,-3.114086,0.000000,0.071992,-3.043104,0.039074
1.910000,-2.529969,-3.107731,0.000000,0.071085,-3.042361,0.041456
1.920000,-2.533999,-3.097043,0.000000,0.070178,-3.041627,0.043661
1.930000,-2.538060,-3.086147,0.000000,0.069288,-3.040918,0.045866
1.940000,-2.538638,-3.073161,0.000000,0.068434,-3.040246,0.047895
1.950000,-2.545548,-3.063687,0.000000,0.067588,-3.039591,0.050188
1.960000,-2.540906,-3.046908,0.000000,0.066752,-3.038952,0.052040
1.970000,-2.541878,-3.033625,0.000000,0.065950,-3.038349,0.054069
1.980000,-2.539290,-3.017635,0.000000,0.065139,-3.037749,0.056009
1.990000,-2.534770,-2.999749,0.000000,0.064311,-3.037145,0.057950
2.000000,-2.522896,-2.977143,0.000000,0.063474,-3.036542,0.059626
2.010000,-2.511399,-2.954722,0.000000,0.062655,-3.035959,0.061302
2.020000,-2.500275,-2.932483,0.000000,0.061853,-3.035394,0.062978
2.030000,-2.484495,-2.907991,0.000000,0.061077,-3.034854,0.064389
2.040000,-2.474179,-2.886197,0.000000,0.060311,-3.034326,0.066065
2.050000,-2.455115,-2.859247,0.000000,0.059526,-3.033792,0.067388
2.060000,-2.436845,-2.832229,0.000000,0.058733,-3.033255,0.068799
2.070000,-2.421322,-2.806845,0.000000,0.057966,-3.032742,0.070299
2.080000,-2.401975,-2.779350,0.000000,0.057199,-3.032234,0.071622
2.090000,-2.383318,-2.751674,0.000000,0.056424,-3.031724,0.073033
2.100000,-2.358904,-2.721622,0.000000,0.055666,-3.031230,0.074091
2.110000,-2.328040,-2.687949,0.000000,0.054881,-3.030717,0.074885
2.120000,-2.291872,-2.651732,0.000000,0.054088,-3.030192,0.075414
2.130000,-2.252514,-2.614179,0.000000,0.053295,-3.029659,0.075767
2.140000,-2.210998,-2.576934,0.000000,0.052545,-3.029144,0.075855
2.150000,-2.165287,-2.538232,0.000000,0.051805,-3.028619,0.075679
2.160000,-2.120402,-2.499710,0.000000,0.051056,-3.028071,0.075591
2.170000,-2.072285,-2.459911,0.000000,0.050307,-3.027504,0.075326
2.180000,-2.020870,-2.418802,0.000000,0.049557,-3.026914,0.074885
2.190000,-1.971211,-2.378736,0.000000,0.048817,-3.026308,0.074532
2.200000,-1.925404,-2.340833,0.000000,0.048094,-3.025694,0.074356
2.210000,-1.883541,-2.305807,0.000000,0.047416,-3.025098,0.074268
2.220000,-1.839526,-2.271075,0.000000,0.046781,-3.024523,0.073915
2.230000,-1.802435,-2.239116,0.000000,0.046138,-3.023921,0.074003
2.240000,-1.760074,-2.204796,0.000000,0.045486,-3.023294,0.073827
2.250000,-1.724525,-2.172520,0.000000,0.044799,-3.022614,0.074179
2.260000,-1.691831,-2.141478,0.000000,0.044111,-3.021919,0.074709
2.270000,-1.663027,-2.112499,0.000000,0.043442,-3.021231,0.075414
2.280000,-1.635117,-2.084333,0.000000,0.042790,-3.020551,0.076120
2.290000,-1.610107,-2.057995,0.000000,0.042164,-3.019890,0.076914
2.300000,-1.583111,-2.031337,0.000000,0.041556,-3.019239,0.077531
2.310000,-1.552020,-2.002658,0.000000,0.040930,-3.018557,0.077972
2.320000,-1.518808,-1.972989,0.000000,0.040296,-3.017849,0.078325
2.330000,-1.486514,-1.944204,0.000000,0.039679,-3.017146,0.078678
2.340000,-1.453195,-1.915346,0.000000,0.039071,-3.016435,0.078942
2.350000,-1.424688,-1.889276,0.000000,0.038499,-3.015750,0.079384
2.360000,-1.395454,-1.863960,0.000000,0.037961,-3.015094,0.079648
2.370000,-1.369936,-1.840510,0.000000,0.037441,-3.014446,0.080089
2.380000,-1.342369,-1.816134,0.000000,0.036913,-3.013774,0.080442
2.390000,-1.314661,-1.791761,0.000000,0.036384,-3.013088,0.080795
2.400000,-1.278862,-1.762947,0.000000,0.035794,-3.012301,0.080883
2.410000,-1.241735,-1.733299,0.000000,0.035186,-3.011465,0.080971
2.420000,-1.205844,-1.705420,0.000000,0.034622,-3.010664,0.080971
2.430000,-1.176570,-1.681101,0.000000,0.034102,-3.009904,0.081236
2.440000,-1.142575,-1.655055,0.000000,0.033574,-3.009109,0.081236
2.450000,-1.109090,-1.627327,0.000000,0.032975,-3.008180,0.081589
2.460000,-1.072736,-1.598790,0.000000,0.032376,-3.007222,0.081765
2.470000,-1.040745,-1.573757,0.000000,0.031847,-3.006350,0.081941
2.480000,-1.014622,-1.552168,0.000000,0.031372,-3.005544,0.082294
2.490000,-0.982710,-1.528117,0.000000,0.030870,-3.004669,0.082382
2.500000,-0.951972,-1.504058,0.000000,0.030350,-3.003737,0.082647
2.510000,-0.917773,-1.479319,0.000000,0.029839,-3.002791,0.082647
2.520000,-0.890628,-1.458817,0.000000,0.029399,-3.001950,0.082823
2.530000,-0.869950,-1.442549,0.000000,0.029038,-3.001245,0.083088
2.540000,-0.848499,-1.426362,0.000000,0.028686,-3.000542,0.083264
2.550000,-0.831272,-1.411708,0.000000,0.028342,-2.999844,0.083705
2.560000,-0.808975,-1.395650,0.000000,0.027999,-2.999131,0.083794
2.570000,-0.791491,-1.381022,0.000000,0.027655,-2.998405,0.084235
2.580000,-0.772656,-1.366561,0.000000,0.027330,-2.997703,0.084499
2.590000,-0.754935,-1.352959,0.000000,0.027021,-2.997026,0.084764
2.600000,-0.739570,-1.341045,0.000000,0.026749,-2.996417,0.085029
2.610000,-0.721658,-1.327489,0.000000,0.026440,-2.995716,0.085293
2.620000,-0.698753,-1.311678,0.000000,0.026097,-2.994919,0.085381
2.630000,-0.673209,-1.294279,0.000000,0.025718,-2.994016,0.085470
2.640000,-0.646920,-1.277060,0.000000,0.025349,-2.993109,0.085470
2.650000,-0.620999,-1.259815,0.000000,0.024970,-2.992153,0.085558
2.660000,-0.593610,-1.241848,0.000000,0.024574,-2.991123,0.085646
2.670000,-0.566753,-1.224906,0.000000,0.024204,-2.990131,0.085646
2.680000,-0.539694,-1.208068,0.000000,0.023835,-2.989109,0.085646
2.690000,-0.510322,-1.189629,0.000000,0.023421,-2.987928,0.085734
2.700000,-0.477558,-1.169890,0.000000,0.022981,-2.986625,0.085734
2.710000,-0.446279,-1.150980,0.000000,0.022550,-2.985300,0.085822
2.720000,-0.416445,-1.134081,0.000000,0.022172,-2.984095,0.085734
2.730000,-0.387708,-1.118121,0.000000,0.021811,-2.982905,0.085646
2.740000,-0.361892,-1.103694,0.000000,0.021477,-2.981766,0.085646
2.750000,-0.343577,-1.092849,0.000000,0.021213,-2.980843,0.085822
2.760000,-0.327328,-1.082505,0.000000,0.020949,-2.979900,0.086175
2.770000,-0.311739,-1.071891,0.000000,0.020668,-2.978873,0.086704
2.780000,-0.299552,-1.062451,0.000000,0.020404,-2.977893,0.087410
2.790000,-0.290395,-1.054309,0.000000,0.020166,-2.976997,0.088204
2.800000,-0.285691,-1.048157,0.000000,0.019973,-2.976260,0.089086
2.810000,-0.279132,-1.041435,0.000000,0.019771,-2.975483,0.089880
2.820000,-0.275295,-1.036137,0.000000,0.019603,-2.974835,0.090674
2.830000,-0.274556,-1.032057,0.000000,0.019463,-2.974287,0.091556
2.840000,-0.270600,-1.026701,0.000000,0.019296,-2.973633,0.092349
2.850000,-0.263746,-1.019893,0.000000,0.019093,-2.972835,0.093143
2.860000,-0.257559,-1.014194,0.000000,0.018926,-2.972168,0.093761
2.870000,-0.255103,-1.009275,0.000000,0.018768,-2.971533,0.094643
2.880000,-0.247060,-1.003063,0.000000,0.018592,-2.970820,0.095172
2.890000,-0.241488,-0.998478,0.000000,0.018460,-2.970281,0.095613
2.900000,-0.234141,-0.993416,0.000000,0.018319,-2.969699,0.095966
2.910000,-0.225606,-0.987453,0.000000,0.018152,-2.969001,0.096407
2.920000,-0.216417,-0.980147,0.000000,0.017941,-2.968107,0.097112
2.930000,-0.205110,-0.972626,0.000000,0.017730,-2.967199,0.097642
2.940000,-0.197127,-0.966032,0.000000,0.017537,-2.966355,0.098347
2.950000,-0.190499,-0.960117,0.000000,0.017361,-2.965578,0.099053
2.960000,-0.185497,-0.954633,0.000000,0.017194,-2.964832,0.099847
2.970000,-0.177237,-0.948047,0.000000,0.017000,-2.963959,0.100552
2.980000,-0.167630,-0.940569,0.000000,0.016780,-2.962953,0.101346
2.990000,-0.156399,-0.932458,0.000000,0.016543,-2.961847,0.102140
3.000000,-0.145209,-0.924131,0.000000,0.016297,-2.960678,0.103022
3.010000,-0.134032,-0.915582,0.000000,0.016042,-2.959445,0.103992
3.020000,-0.122645,-0.907065,0.000000,0.015787,-2.958188,0.104963
3.030000,-0.114076,-0.899824,0.000000,0.015567,-2.957085,0.105933
3.040000,-0.106864,-0.893211,0.000000,0.015365,-2.956055,0.106903
3.050000,-0.099510,-0.886600,0.000000,0.015162,-2.955010,0.107873
3.060000,-0.087253,-0.878468,0.000000,0.014916,-2.953716,0.108755
3.070000,-0.074908,-0.870127,0.000000,0.014661,-2.952345,0.109726
3.080000,-0.065315,-0.863286,0.000000,0.014450,-2.951188,0.110608
3.090000,-0.055549,-0.856485,0.000000,0.014239,-2.950009,0.111490
3.100000,-0.052003,-0.851700,0.000000,0.014090,-2.949163,0.112460
3.110000,-0.044833,-0.846915,0.000000,0.013940,-2.948307,0.113077
3.120000,-0.039502,-0.841572,0.000000,0.013773,-2.947338,0.114048
3.130000,-0.035645,-0.836777,0.000000,0.013624,-2.946461,0.115018
3.140000,-0.028428,-0.831181,0.000000,0.013448,-2.945417,0.115900
3.150000,-0.022620,-0.826432,0.000000,0.013298,-2.944518,0.116694
3.160000,-0.018377,-0.821933,0.000000,0.013158,-2.943661,0.117576
3.170000,-0.010718,-0.816979,0.000000,0.012999,-2.942685,0.118281
3.180000,-0.002980,-0.811768,0.000000,0.012832,-2.941639,0.119075
3.190000,0.004919,-0.806889,0.000000,0.012674,-2.940631,0.119781
3.200000,0.011261,-0.801958,0.000000,0.012516,-2.939608,0.120663
3.210000,0.019398,-0.797157,0.000000,0.012358,-2.938569,0.121369
3.220000,0.027663,-0.792404,0.000000,0.012199,-2.937512,0.122074
3.230000,0.037737,-0.787241,0.000000,0.012024,-2.936315,0.122780
3.240000,0.048006,-0.781865,0.000000,0.011839,-2.935032,0.123574
3.250000,0.060097,-0.776725,0.000000,0.011654,-2.933719,0.124191
3.260000,0.070772,-0.771545,0.000000,0.011470,-2.932376,0.124985
3.270000,0.083326,-0.766352,0.000000,0.011276,-2.930934,0.125691
3.280000,0.094444,-0.761402,0.000000,0.011092,-2.929524,0.126484
3.290000,0.109138,-0.756400,0.000000,0.010890,-2.927937,0.127102
3.300000,0.129737,-0.750024,0.000000,0.010617,-2.925721,0.127896
3.310000,0.150884,-0.744057,0.000000,0.010345,-2.923409,0.128689
3.320000,0.170583,-0.739072,0.000000,0.010099,-2.921232,0.129395
3.330000,0.000000,0.000000,0.000000,0.009897,-2.919378,0.130189
