0.000000,9.340764,9.340764
0.010000,9.340764,9.340764
0.020000,9.340764,9.340764
0.030000,9.340764,9.340764
0.040000,9.340764,9.340764
0.050000,9.340764,9.340764
0.060000,9.340764,9.340764
0.070000,9.340764,9.340764
0.080000,9.340764,9.340764
0.090000,9.340764,9.340764
0.100000,9.340764,9.340764
0.110000,9.340764,9.340764
0.120000,9.340764,9.340764
0.130000,9.340764,9.340764
0.140000,9.340764,9.340764
0.150000,9.340764,9.340764
0.160000,9.340764,9.340764
0.170000,9.340764,9.340764
0.180000,9.340764,9.340764
0.190000,9.340764,9.340764
0.200000,9.340764,9.340764
0.210000,9.340764,9.340764
0.220000,9.340764,9.340764
0.230000,9.340764,9.340764
0.240000,9.340764,9.340764
0.250000,9.340764,9.340764
0.260000,9.340764,9.340764
0.270000,9.340764,9.340764
0.280000,9.340764,9.340764
0.290000,9.340764,9.340764
0.300000,9.340764,9.340764
0.310000,9.340764,9.340764
0.320000,9.340764,9.340764
0.330000,9.340764,9.340764
0.340000,9.340764,9.340764
0.350000,9.340764,9.340764
0.360000,9.340764,9.340764
0.370000,9.340764,9.340764
0.380000,9.340764,9.340764
0.390000,9.340764,9.340764
0.400000,9.340764,9.340764
0.410000,9.340764,9.340764
0.420000,9.340764,9.340764
0.430000,9.340764,9.340764
0.440000,9.340764,9.340764
0.450000,9.340764,9.340764
0.460000,9.340764,9.340764
0.470000,9.340764,9.340764
0.480000,9.340764,9.340764
0.490000,9.340764,9.340764
0.500000,9.340764,9.340764
0.510000,9.340764,9.340764
0.520000,9.340764,9.340764
0.530000,9.340764,9.340764
0.540000,9.340764,9.340764
0.550000,9.340764,9.340764
0.560000,9.340764,9.340764
0.570000,9.340764,9.340764
0.580000,9.340764,9.340764
0.590000,9.340764,9.340764
0.600000,9.340764,9.340764
0.610000,9.340764,9.340764
0.620000,9.340764,9.340764
0.630000,9.340764,9.340764
0.640000,9.340764,9.340764
0.650000,9.340764,9.340764
0.660000,9.340764,9.340764
0.670000,9.340764,9.340764
0.680000,9.340764,9.340764
0.690000,9.340764,9.340764
0.700000,9.340764,9.340764
0.710000,9.340764,9.340764
0.720000,9.288418,9.340764
0.730000,9.208273,9.340764
0.740000,9.158793,9.340764
0.750000,9.153949,9.340764
0.760000,9.153949,9.340764
0.770000,9.153949,9.340764
0.780000,9.153949,9.340764
0.790000,9.153949,9.340764
0.800000,9.153949,9.340764
0.810000,9.153949,9.340764
0.820000,9.153949,9.340764
0.830000,9.153949,9.340764
0.840000,9.153949,9.340764
0.850000,9.153949,9.340764
0.860000,9.153949,9.340764
0.870000,9.153949,9.340764
0.880000,9.153949,9.340764
0.890000,9.153949,9.340764
0.900000,9.153949,9.340764
0.910000,9.153949,9.340764
0.920000,9.153949,9.340764
0.930000,9.153949,9.340764
0.940000,9.153949,9.340764
0.950000,9.153949,9.340764
0.960000,9.153949,9.340764
0.970000,9.153949,9.340764
0.980000,9.153949,9.340764
0.990000,9.153949,9.340764
1.000000,9.153949,9.340764
1.010000,9.153949,9.340764
1.020000,9.153949,9.340764
1.030000,9.153949,9.340764
1.040000,9.153949,9.340764
1.050000,9.153949,9.340764
1.060000,9.153949,9.340764
1.070000,9.153949,9.340764
1.080000,9.153949,9.340764
1.090000,9.153949,9.340764
1.100000,9.153949,9.340764
1.110000,9.153949,9.340764
1.120000,9.153949,9.340764
1.130000,9.153949,9.340764
1.140000,9.153949,9.340764
1.150000,9.153949,9.340764
1.160000,9.153949,9.340764
1.170000,9.153949,9.313283
1.180000,9.153949,9.283111
1.190000,9.153949,9.252930
1.200000,9.153949,9.221957
1.210000,9.153949,9.190648
1.220000,9.153949,9.159896
1.230000,9.153949,9.128603
1.240000,9.153949,9.096502
1.250000,9.153949,9.065032
1.260000,9.153949,9.033379
1.270000,9.153949,9.001038
1.280000,9.153949,8.968304
1.290000,9.153949,8.935372
1.300000,9.153949,8.902522
1.310000,9.153949,8.869867
1.320000,9.130077,8.836687
1.330000,9.097167,8.803097
1.340000,9.064323,8.769571
1.350000,9.031478,8.736045
1.360000,8.998367,8.702255
1.370000,8.965190,8.668400
1.380000,8.931681,8.634217
1.390000,8.898504,8.600363
1.400000,8.865526,8.566705
1.410000,8.832481,8.532981
1.420000,8.799503,8.499339
1.430000,8.766592,8.465764
1.440000,8.733946,8.432465
1.450000,8.701434,8.399297
1.460000,8.668857,8.366074
1.470000,8.636214,8.332773
1.480000,8.603837,8.299734
1.490000,8.571459,8.266691
1.500000,8.539280,8.233845
1.510000,8.507234,8.201137
1.520000,8.475253,8.168494
1.530000,8.442607,8.135153
1.540000,8.410092,8.101941
1.550000,8.377774,8.068926
1.560000,8.345718,8.036177
1.570000,8.313462,8.003221
1.580000,8.281136,7.970206
1.590000,8.248941,7.937322
1.600000,8.217077,7.904781
1.610000,8.184546,7.871553
1.620000,8.151814,7.838126
1.630000,8.119546,7.805185
1.640000,8.086746,7.771696
1.650000,8.053944,7.738206
1.660000,8.021009,7.704590
1.670000,7.988139,7.671045
1.680000,7.955004,7.637232
1.690000,7.921868,7.603413
1.700000,7.888732,7.569594
1.710000,7.855331,7.535508
1.720000,7.821729,7.501220
1.730000,7.787796,7.466586
1.740000,7.753463,7.431551
1.750000,7.719264,7.396649
1.760000,7.684864,7.361546
1.770000,7.651063,7.327059
1.780000,7.617328,7.292639
1.790000,7.583461,7.258086
1.800000,7.549461,7.223401
1.810000,7.515396,7.188649
1.820000,7.481265,7.153832
1.830000,7.447134,7.119016
1.840000,7.413071,7.084267
1.850000,7.379141,7.049653
1.860000,7.345610,7.015454
1.870000,7.312744,6.981934
1.880000,7.277620,6.946065
1.890000,7.244222,6.911982
1.900000,7.210425,6.877502
1.910000,7.177227,6.843632
1.920000,7.144294,6.810029
1.930000,7.111029,6.776075
1.940000,7.078228,6.742599
1.950000,7.045493,6.709189
1.960000,7.012625,6.675645
1.970000,6.980221,6.642567
1.980000,6.947418,6.609087
1.990000,6.914748,6.575739
2.000000,6.882010,6.542318
2.010000,6.849935,6.509563
2.020000,6.817792,6.476743
2.030000,6.786378,6.444681
2.040000,6.753503,6.411117
2.050000,6.720627,6.377553
2.060000,6.686886,6.343118
2.070000,6.653278,6.308817
2.080000,6.619338,6.274180
2.090000,6.585861,6.240013
2.100000,6.552186,6.205645
2.110000,6.517978,6.170733
2.120000,6.483106,6.135142
2.130000,6.448499,6.099823
2.140000,6.413361,6.063964
2.150000,6.378687,6.028578
2.160000,6.343481,5.992653
2.170000,6.308010,5.956457
2.180000,6.272539,5.920261
2.190000,6.236337,5.883321
2.200000,6.200268,5.846515
2.210000,6.164132,5.809642
2.220000,6.128129,5.772905
2.230000,6.092392,5.736439
2.240000,6.056655,5.699974
2.250000,6.021516,5.664118
2.260000,5.986178,5.628058
2.270000,5.950242,5.591388
2.280000,5.914306,5.554718
2.290000,5.878569,5.518252
2.300000,5.808054,5.482125
2.310000,5.734335,5.446202
2.320000,5.660343,5.410483
2.330000,5.586546,5.375242
2.340000,5.515493,5.341351
2.350000,5.444032,5.307527
2.360000,5.369914,5.272756
2.370000,5.295352,5.238053
2.380000,5.219395,5.202874
2.390000,5.129142,5.168035
2.400000,5.039122,5.133603
2.410000,4.949560,5.099647
2.420000,4.851472,5.065827
2.430000,4.749953,5.032751
2.440000,4.648790,4.999948
2.450000,4.547600,4.967213
2.460000,4.447063,4.934474
2.470000,4.346654,4.901735
2.480000,4.247186,4.869130
2.490000,4.148173,4.836526
2.500000,4.049936,4.803989
2.510000,3.946144,4.771384
2.520000,3.843479,4.739254
2.530000,3.745549,4.708006
2.540000,3.650936,4.676961
2.550000,3.559879,4.646055
2.560000,3.471405,4.614950
2.570000,3.385113,4.583376
2.580000,3.298438,4.552077
2.590000,3.218788,4.521403
2.600000,3.146108,4.491215
2.610000,3.079858,4.461305
2.620000,3.020221,4.431406
2.630000,2.970154,4.402417
2.640000,2.928685,4.374073
2.650000,2.894235,4.345424
2.660000,2.867164,4.316665
2.670000,2.848584,4.288428
2.680000,2.838007,4.260715
2.690000,2.834980,4.233947
2.700000,2.838479,4.208267
2.710000,2.848198,4.182966
2.720000,2.864265,4.157622
2.730000,2.884729,4.132949
2.740000,2.909495,4.108323
2.750000,2.937973,4.083984
2.760000,2.966622,4.061258
2.770000,2.995257,4.039698
2.780000,3.023196,4.019182
2.790000,3.050239,3.999396
2.800000,3.077429,3.979769
2.810000,3.101989,3.961236
2.820000,3.125374,3.943199
2.830000,3.145317,3.926327
2.840000,3.162274,3.910401
2.850000,3.171876,3.895040
2.860000,3.177118,3.880984
2.870000,3.182231,3.866833
2.880000,3.187135,3.852750
2.890000,3.191840,3.838656
2.900000,3.195912,3.825721
2.910000,3.199176,3.814386
2.920000,3.201690,3.804333
2.930000,3.198413,3.794221
2.940000,3.189568,3.783407
2.950000,3.178740,3.772647
2.960000,3.166908,3.761734
2.970000,3.153032,3.751629
2.980000,3.136405,3.742882
2.990000,3.119642,3.734366
3.000000,3.103771,3.725873
3.010000,3.087179,3.717638
3.020000,3.069373,3.709589
3.030000,3.050989,3.701930
3.040000,3.032460,3.694753
3.050000,3.016732,3.686390
3.060000,3.000910,3.678140
3.070000,2.984829,3.670258
3.080000,2.970770,3.661083
3.090000,2.957003,3.651901
3.100000,2.943953,3.642053
3.110000,2.931400,3.631883
3.120000,2.919161,3.621717
3.130000,2.907835,3.611566
3.140000,2.897355,3.601896
3.150000,2.887424,3.592069
3.160000,2.878545,3.581445
3.170000,2.870675,3.570421
3.180000,2.863587,3.559816
3.190000,2.857685,3.548897
3.200000,2.852859,3.537863
3.210000,2.848949,3.527209
3.220000,2.846048,3.516926
3.230000,2.844174,3.507004
3.240000,2.843410,3.495803
3.250000,2.843572,3.484619
3.260000,2.844614,3.473734
3.270000,2.846431,3.462792
3.280000,2.848814,3.451928
3.290000,2.851651,3.440582
3.300000,2.854322,3.428831
3.310000,2.856866,3.417204
3.320000,2.859536,3.405631
3.330000,2.861598,3.394091
3.340000,2.863433,3.382501
3.350000,2.865069,3.370848
3.360000,2.866478,3.359114
3.370000,2.867724,3.347333
3.380000,2.868767,3.335483
3.390000,2.869474,3.323501
3.400000,2.869748,3.310650
3.410000,2.869711,3.297672
3.420000,2.869456,3.284605
3.430000,2.868750,3.271351
3.440000,2.867578,3.257900
3.450000,2.866466,3.245965
3.460000,2.865155,3.233944
3.470000,2.863700,3.221856
3.480000,2.862066,3.209690
3.490000,2.860236,3.197441
3.500000,2.858194,3.185102
3.510000,2.855923,3.172667
3.520000,2.853332,3.160109
3.530000,2.850450,3.147435
3.540000,2.847361,3.134662
3.550000,2.843565,3.120220
3.560000,2.839503,3.105651
3.570000,2.835230,3.090963
3.580000,2.830720,3.076155
3.590000,2.825840,3.061014
3.600000,2.820699,3.045756
3.610000,2.815336,3.030368
3.620000,2.809392,3.013882
3.630000,2.803179,2.997309
3.640000,2.796727,2.980618
3.650000,2.790052,2.963814
3.660000,2.783141,2.946833
3.670000,2.775762,2.929133
3.680000,2.767859,2.910621
3.690000,2.759603,2.891708
3.700000,2.751195,2.872820
3.710000,2.742539,2.853758
3.720000,2.733435,2.834022
3.730000,2.724044,2.814027
3.740000,2.714382,2.793740
3.750000,2.704597,2.773563
3.760000,2.694398,2.752770
3.770000,2.683894,2.731733
3.780000,2.673215,2.710569
3.790000,2.662046,2.688760
3.800000,2.650711,2.666825
3.810000,2.639285,2.644869
3.820000,2.627658,2.622746
3.830000,2.616204,2.601308
3.840000,2.604106,2.578841
3.850000,2.591714,2.556133
3.860000,2.579127,2.533264
3.870000,2.566348,2.510236
3.880000,2.553379,2.487049
3.890000,2.540334,2.463843
3.900000,2.526902,2.440330
3.910000,2.513011,2.416248
3.920000,2.498288,2.391164
3.930000,2.483395,2.365954
3.940000,2.468151,2.340488
3.950000,2.452557,2.314721
3.960000,2.436321,2.288229
3.970000,2.419861,2.261537
3.980000,2.403481,2.235199
3.990000,2.386739,2.208684
4.000000,2.369015,2.181010
4.010000,2.350532,2.152398
4.020000,2.332135,2.124518
4.030000,2.313845,2.096763
4.040000,2.294581,2.068408
4.050000,2.274861,2.039478
4.060000,2.254944,2.010488
4.070000,2.234888,1.981478
4.080000,2.213868,1.951976
4.090000,2.192502,1.922347
4.100000,2.171189,1.893317
4.110000,2.149585,1.864091
4.120000,2.127499,1.834666
4.130000,2.104792,1.804966
4.140000,2.081783,1.775199
4.150000,2.058271,1.744608
4.160000,2.034381,1.713897
4.170000,2.010112,1.683069
4.180000,1.985534,1.652404
4.190000,1.960451,1.621273
4.200000,1.934779,1.589904
4.210000,1.909178,1.558761
4.220000,1.883580,1.528072
4.230000,1.857735,1.497520
4.240000,1.831455,1.466829
4.250000,1.805260,1.436807
4.260000,1.778650,1.406663
4.270000,1.751701,1.376442
4.280000,1.725126,1.347000
4.290000,1.698364,1.317575
4.300000,1.671376,1.287971
4.310000,1.644154,1.258338
4.320000,1.616698,1.228996
4.330000,1.589129,1.199804
4.340000,1.561439,1.170651
4.350000,1.533425,1.141415
4.360000,1.505214,1.112064
4.370000,1.476981,1.082800
4.380000,1.448585,1.053380
4.390000,1.420319,1.024121
4.400000,1.392525,0.995622
4.410000,1.364608,0.967128
4.420000,1.336781,0.938763
4.430000,1.309052,0.910522
4.440000,1.281627,0.882521
4.450000,1.254381,0.854880
4.460000,1.227248,0.827359
4.470000,1.200133,0.799755
4.480000,1.173064,0.772223
4.490000,1.146307,0.744916
4.500000,1.119793,0.717787
4.510000,1.093389,0.690756
4.520000,1.067094,0.663819
4.530000,1.040974,0.637013
4.540000,1.016127,0.611731
4.550000,0.991054,0.586109
4.560000,0.965861,0.560299
4.570000,0.941082,0.534894
4.580000,0.916774,0.509970
4.590000,0.892823,0.485366
4.600000,0.869182,0.460869
4.610000,0.845878,0.436765
4.620000,0.822611,0.412740
4.630000,0.799271,0.388592
4.640000,0.775495,0.363923
4.650000,0.751944,0.339397
4.660000,0.729093,0.315567
4.670000,0.706257,0.291763
4.680000,0.683450,0.267984
4.690000,0.660861,0.244387
4.700000,0.638362,0.220893
4.710000,0.616141,0.197659
4.720000,0.593703,0.174295
4.730000,0.571123,0.150633
4.740000,0.548388,0.126793
4.750000,0.526047,0.103411
4.760000,0.503539,0.080051
4.770000,0.479939,0.056629
4.780000,0.456275,0.033307
4.790000,0.432271,0.010000
4.800000,0.407407,0.010000
4.810000,0.378503,0.010000
4.820000,0.348684,0.010000
4.830000,0.320188,0.010000
4.840000,0.292698,0.010000
4.850000,0.265738,0.010000
4.860000,0.240255,0.010000
4.870000,0.217405,0.010000
4.880000,0.195864,0.010000
4.890000,0.175362,0.010000
4.900000,0.155710,0.010000
4.910000,0.136706,0.010000
4.920000,0.120271,0.010000
4.930000,0.105754,0.010000
4.940000,0.092405,0.010000
4.950000,0.080790,0.010000
4.960000,0.070069,0.010000
4.970000,0.060197,0.010000
4.980000,0.051128,0.010000
4.990000,0.042899,0.010000
5.000000,0.035619,0.010000
5.010000,0.028849,0.010000
5.020000,0.022694,0.010000
5.030000,0.017132,0.010000
5.040000,0.012505,0.010000
5.050000,0.008326,0.010000
5.060000,0.004667,0.010000
5.070000,0.004549,0.010000
5.080000,0.004437,0.010000
5.090000,0.004329,0.010000
5.100000,0.004234,0.010000
5.110000,0.004148,0.010000
5.120000,0.004069,0.010000
5.130000,0.003996,0.010000
5.140000,0.003925,0.010000
5.150000,0.003857,0.010000
5.160000,0.003800,0.010000
5.170000,0.003744,0.010000
5.180000,0.003688,0.010000
5.190000,0.003644,0.010000
5.200000,0.003598,0.010000
5.210000,0.003559,0.010000
5.220000,0.003524,0.010000
5.230000,0.003492,0.010000
5.240000,0.003464,0.010000
5.250000,0.003437,0.010000
5.260000,0.003409,0.010000
5.270000,0.003386,0.010000
5.280000,0.003370,0.010000
5.290000,0.003355,0.010000
5.300000,0.003335,0.010000
5.310000,0.003314,0.010000
5.320000,0.003297,0.010000
5.330000,0.003286,0.010000
5.340000,0.003278,0.010000
5.350000,0.003269,0.010000
5.360000,0.003261,0.010000
5.370000,0.003250,0.010000
5.380000,0.003239,0.010000
5.390000,0.003228,0.010000
5.400000,0.003215,0.010000
5.410000,0.003202,0.010000
5.420000,0.003189,0.010000
5.430000,0.003175,0.010000
5.440000,0.003162,0.010000
5.450000,0.003146,0.010000
5.460000,0.003125,0.010000
5.470000,0.003107,0.010000
5.480000,0.003091,0.010000
5.490000,0.003074,0.010000
5.500000,0.003055,0.010000
5.510000,0.003035,0.010000
5.520000,0.003015,0.010000
5.530000,0.002995,0.010000
5.540000,0.002977,0.010000
5.550000,0.002960,0.010000
5.560000,0.002944,0.010000
5.570000,0.002928,0.010000
5.580000,0.002914,0.010000
5.590000,0.002904,0.010000
5.600000,0.002894,0.010000
5.610000,0.002882,0.010000
5.620000,0.002874,0.010000
5.630000,0.002868,0.010000
5.640000,0.002863,0.010000
5.650000,0.002857,0.010000
5.660000,0.002852,0.010000
5.670000,0.002848,0.010000
5.680000,0.002843,0.010000
5.690000,0.002839,0.010000
5.700000,0.002837,0.010000
5.710000,0.002836,0.010000
5.720000,0.002831,0.010000
5.730000,0.002826,0.010000
5.740000,0.002823,0.010000
5.750000,0.002820,0.010000
5.760000,0.002817,0.010000
5.770000,0.002812,0.010000
5.780000,0.002808,0.010000
5.790000,0.002805,0.010000
5.800000,0.002801,0.010000
5.810000,0.002793,0.010000
5.820000,0.002784,0.010000
5.830000,0.002775,0.010000
5.840000,0.002769,0.010000
5.850000,0.002764,0.010000
5.860000,0.002756,0.010000
5.870000,0.002749,0.010000
5.880000,0.002738,0.010000
5.890000,0.002730,0.010000
5.900000,0.002723,0.010000
5.910000,0.002717,0.010000
5.920000,0.002714,0.010000
5.930000,0.002711,0.010000
5.940000,0.002706,0.010000
5.950000,0.002702,0.010000
5.960000,0.002701,0.010000
5.970000,0.002701,0.010000
5.980000,0.002702,0.010000
5.990000,0.002700,0.010000
6.000000,0.002697,0.010000
6.010000,0.002694,0.010000
6.020000,0.002691,0.010000
6.030000,0.002689,0.010000
6.040000,0.002686,0.010000
6.050000,0.002682,0.010000
6.060000,0.002678,0.010000
6.070000,0.002672,0.010000
6.080000,0.002666,0.010000
6.090000,0.002662,0.010000
6.100000,0.002659,0.010000
6.110000,0.002657,0.010000
6.120000,0.002655,0.010000
6.130000,0.002653,0.010000
6.140000,0.002650,0.010000
6.150000,0.002653,0.010000
6.160000,0.002654,0.010000
6.170000,0.002655,0.010000
6.180000,0.002655,0.010000
6.190000,0.002655,0.010000
6.200000,0.002655,0.010000
6.210000,0.002655,0.010000
6.220000,0.002655,0.010000
6.230000,0.002655,0.010000
6.240000,0.002655,0.010000
6.250000,0.002655,0.010000
6.260000,0.002655,0.010000
6.270000,0.002655,0.010000
6.280000,0.002655,0.010000
6.290000,0.002655,0.010000
6.300000,0.002655,0.010000
6.310000,0.002655,0.010000
6.320000,0.002655,0.010000
6.330000,0.002655,0.010000
6.340000,0.002655,0.010000
6.350000,0.002655,0.010000
6.360000,0.002655,0.010000
6.370000,0.002655,0.010000
6.380000,0.002655,0.010000
6.390000,0.002654,0.010000
6.400000,0.002654,0.010000
6.410000,0.002654,0.010000
6.420000,0.002654,0.010000
6.430000,0.002654,0.010000
6.440000,0.002654,0.010000
6.450000,0.002654,0.010000
6.460000,0.002654,0.010000
6.470000,0.002654,0.010000
6.480000,0.002654,0.010000
6.490000,0.002654,0.010000
6.500000,0.002654,0.010000
6.510000,0.002654,0.010000
6.520000,0.002654,0.010000
6.530000,0.002654,0.010000
6.540000,0.002654,0.010000
6.550000,0.002653,0.010000
6.560000,0.002653,0.010000
6.570000,0.002653,0.010000
6.580000,0.002653,0.010000
6.590000,0.002652,0.010000
6.600000,0.002651,0.010000
6.610000,0.002647,0.010000
6.620000,0.002641,0.010000
6.630000,0.002635,0.010000
6.640000,0.002630,0.010000
6.650000,0.002625,0.010000
6.660000,0.002616,0.010000
6.670000,0.002596,0.010000
6.680000,0.002566,0.010000
6.690000,0.002542,0.010000
6.700000,0.002522,0.010000
6.710000,0.002495,0.010000
6.720000,0.002461,0.010000
6.730000,0.002430,0.010000
6.740000,0.002401,0.010000
6.750000,0.002371,0.010000
6.760000,0.002340,0.010000
6.770000,0.002310,0.010000
6.780000,0.002282,0.010000
6.790000,0.002259,0.010000
6.800000,0.002244,0.010000
6.810000,0.002231,0.010000
6.820000,0.002218,0.010000
6.830000,0.002207,0.010000
6.840000,0.002196,0.010000
6.850000,0.002188,0.010000
6.860000,0.002183,0.010000
6.870000,0.002181,0.010000
6.880000,0.002179,0.010000
6.890000,0.002177,0.010000
6.900000,0.002176,0.010000
6.910000,0.002175,0.010000
6.920000,0.002173,0.010000
6.930000,0.002172,0.010000
6.940000,0.002170,0.010000
6.950000,0.002170,0.010000
6.960000,0.002170,0.010000
6.970000,0.002170,0.010000
6.980000,0.002169,0.010000
6.990000,0.002170,0.010000
7.000000,0.002170,0.010000
7.010000,0.002169,0.010000
7.020000,0.002168,0.010000
7.030000,0.002166,0.010000
7.040000,0.002163,0.010000
7.050000,0.002161,0.010000
7.060000,0.002160,0.010000
7.070000,0.002157,0.010000
7.080000,0.002153,0.010000
7.090000,0.002150,0.010000
7.100000,0.002146,0.010000
7.110000,0.002141,0.010000
7.120000,0.002136,0.010000
7.130000,0.002133,0.010000
7.140000,0.002129,0.010000
7.150000,0.002124,0.010000
7.160000,0.002121,0.010000
7.170000,0.002117,0.010000
7.180000,0.002113,0.010000
7.190000,0.002109,0.010000
7.200000,0.002105,0.010000
7.210000,0.002101,0.010000
7.220000,0.002098,0.010000
7.230000,0.002096,0.010000
7.240000,0.002094,0.010000
7.250000,0.002089,0.010000
7.260000,0.002085,0.010000
7.270000,0.002083,0.010000
7.280000,0.002081,0.010000
7.290000,0.002077,0.010000
7.300000,0.002070,0.010000
7.310000,0.002063,0.010000
7.320000,0.002057,0.010000
7.330000,0.002051,0.010000
7.340000,0.002045,0.010000
7.350000,0.002036,0.010000
7.360000,0.002027,0.010000
7.370000,0.002017,0.010000
7.380000,0.002008,0.010000
7.390000,0.002000,0.010000
7.400000,0.001990,0.010000
7.410000,0.001978,0.010000
7.420000,0.001971,0.010000
7.430000,0.001965,0.010000
7.440000,0.001962,0.010000
7.450000,0.001957,0.010000
7.460000,0.001952,0.010000
7.470000,0.001946,0.010000
7.480000,0.001942,0.010000
7.490000,0.001940,0.010000
7.500000,0.001939,0.010000
7.510000,0.001939,0.010000
7.520000,0.001938,0.010000
7.530000,0.001938,0.010000
7.540000,0.001936,0.010000
7.550000,0.001935,0.010000
7.560000,0.001936,0.010000
7.570000,0.001939,0.010000
7.580000,0.001942,0.010000
7.590000,0.001944,0.010000
7.600000,0.001946,0.010000
7.610000,0.001947,0.010000
7.620000,0.001949,0.010000
7.630000,0.001954,0.010000
7.640000,0.001959,0.010000
7.650000,0.001964,0.010000
7.660000,0.001965,0.010000
7.670000,0.001967,0.010000
7.680000,0.001971,0.010000
7.690000,0.001976,0.010000
7.700000,0.001981,0.010000
7.710000,0.001984,0.010000
7.720000,0.001987,0.010000
7.730000,0.001988,0.010000
7.740000,0.001990,0.010000
7.750000,0.001989,0.010000
7.760000,0.001989,0.010000
7.770000,0.001989,0.010000
7.780000,0.001989,0.010000
7.790000,0.001988,0.010000
7.800000,0.001986,0.010000
7.810000,0.001985,0.010000
7.820000,0.001985,0.010000
7.830000,0.001984,0.010000
7.840000,0.001984,0.010000
7.850000,0.001983,0.010000
7.860000,0.001983,0.010000
7.870000,0.001983,0.010000
7.880000,0.001983,0.010000
7.890000,0.001983,0.010000
7.900000,0.001983,0.010000
7.910000,0.001983,0.010000
7.920000,0.001983,0.010000
7.930000,0.001983,0.010000
7.940000,0.001983,0.010000
7.950000,0.001983,0.010000
7.960000,0.001983,0.010000
7.970000,0.001983,0.010000
7.980000,0.001983,0.010000
7.990000,0.001983,0.010000
8.000000,0.001983,0.010000
8.010000,0.001983,0.010000
8.020000,0.001983,0.010000
8.030000,0.001983,0.010000
8.040000,0.001983,0.010000
8.050000,0.001983,0.010000
8.060000,0.001983,0.010000
8.070000,0.001983,0.010000
8.080000,0.001983,0.010000
8.090000,0.001983,0.010000
8.100000,0.001981,0.010000
8.110000,0.001979,0.010000
8.120000,0.001977,0.010000
8.130000,0.001976,0.010000
8.140000,0.001976,0.010000
8.150000,0.001975,0.010000
8.160000,0.001975,0.010000
8.170000,0.001975,0.010000
8.180000,0.001975,0.010000
8.190000,0.001975,0.010000
8.200000,0.001975,0.010000
8.210000,0.001975,0.010000
8.220000,0.001975,0.010000
8.230000,0.001975,0.010000
8.240000,0.001975,0.010000
8.250000,0.001975,0.010000
8.260000,0.001975,0.010000
8.270000,0.001975,0.010000
8.280000,0.001975,0.010000
8.290000,0.001974,0.010000
8.300000,0.001972,0.010000
8.310000,0.001971,0.010000
8.320000,0.001970,0.010000
8.330000,0.001966,0.010000
8.340000,0.001964,0.010000
8.350000,0.001961,0.010000
8.360000,0.001959,0.010000
8.370000,0.001957,0.010000
8.380000,0.001956,0.010000
8.390000,0.001953,0.010000
8.400000,0.001951,0.010000
8.410000,0.001950,0.010000
8.420000,0.001949,0.010000
8.430000,0.001947,0.010000
8.440000,0.001946,0.010000
8.450000,0.001945,0.010000
8.460000,0.001944,0.010000
8.470000,0.001943,0.010000
8.480000,0.001942,0.010000
8.490000,0.001940,0.010000
8.500000,0.001938,0.010000
8.510000,0.001937,0.010000
8.520000,0.001936,0.010000
8.530000,0.001934,0.010000
8.540000,0.001933,0.010000
8.550000,0.001932,0.010000
8.560000,0.001931,0.010000
8.570000,0.001928,0.010000
8.580000,0.001927,0.010000
8.590000,0.001927,0.010000
8.600000,0.001925,0.010000
8.610000,0.001925,0.010000
8.620000,0.001924,0.010000
8.630000,0.001924,0.010000
8.640000,0.001923,0.010000
8.650000,0.001924,0.010000
8.660000,0.001923,0.010000
8.670000,0.001918,0.010000
8.680000,0.001913,0.010000
8.690000,0.001909,0.010000
8.700000,0.001908,0.010000
8.710000,0.001904,0.010000
8.720000,0.001898,0.010000
8.730000,0.001893,0.010000
8.740000,0.001889,0.010000
8.750000,0.001886,0.010000
8.760000,0.001882,0.010000
8.770000,0.001880,0.010000
8.780000,0.001877,0.010000
8.790000,0.001872,0.010000
8.800000,0.001868,0.010000
8.810000,0.001867,0.010000
8.820000,0.001866,0.010000
8.830000,0.001862,0.010000
8.840000,0.001859,0.010000
8.850000,0.001857,0.010000
8.860000,0.001854,0.010000
8.870000,0.001853,0.010000
8.880000,0.001852,0.010000
8.890000,0.001850,0.010000
8.900000,0.001849,0.010000
8.910000,0.001848,0.010000
8.920000,0.001847,0.010000
8.930000,0.001848,0.010000
8.940000,0.001847,0.010000
8.950000,0.001845,0.010000
8.960000,0.001845,0.010000
8.970000,0.001844,0.010000
8.980000,0.001844,0.010000
8.990000,0.001843,0.010000
9.000000,0.001843,0.010000
9.010000,0.001842,0.010000
9.020000,0.001841,0.010000
9.030000,0.001841,0.010000
9.040000,0.001840,0.010000
9.050000,0.001839,0.010000
9.060000,0.001839,0.010000
9.070000,0.001838,0.010000
9.080000,0.001837,0.010000
9.090000,0.001836,0.010000
9.100000,0.001835,0.010000
9.110000,0.001834,0.010000
9.120000,0.001833,0.010000
9.130000,0.001832,0.010000
9.140000,0.001829,0.010000
9.150000,0.001828,0.010000
9.160000,0.001827,0.010000
9.170000,0.001825,0.010000
9.180000,0.001824,0.010000
9.190000,0.001823,0.010000
9.200000,0.001823,0.010000
9.210000,0.001821,0.010000
9.220000,0.001820,0.010000
9.230000,0.001819,0.010000
9.240000,0.001818,0.010000
9.250000,0.001818,0.010000
9.260000,0.001817,0.010000
9.270000,0.001816,0.010000
9.280000,0.001815,0.010000
9.290000,0.001813,0.010000
9.300000,0.001810,0.010000
9.310000,0.001809,0.010000
9.320000,0.001806,0.010000
9.330000,0.001804,0.010000
9.340000,0.001801,0.010000
9.350000,0.001798,0.010000
9.360000,0.001795,0.010000
9.370000,0.001792,0.010000
9.380000,0.001786,0.010000
9.390000,0.001781,0.010000
9.400000,0.001776,0.010000
9.410000,0.001771,0.010000
9.420000,0.001764,0.010000
9.430000,0.001758,0.010000
9.440000,0.001754,0.010000
9.450000,0.001751,0.010000
9.460000,0.001749,0.010000
9.470000,0.001746,0.010000
9.480000,0.001744,0.010000
9.490000,0.001742,0.010000
9.500000,0.001741,0.010000
9.510000,0.001741,0.010000
9.520000,0.001740,0.010000
9.530000,0.001739,0.010000
9.540000,0.001739,0.010000
9.550000,0.001738,0.010000
9.560000,0.001737,0.010000
9.570000,0.001736,0.010000
9.580000,0.001736,0.010000
9.590000,0.001734,0.010000
9.600000,0.001733,0.010000
9.610000,0.001732,0.010000
9.620000,0.001732,0.010000
9.630000,0.001731,0.010000
9.640000,0.001730,0.010000
9.650000,0.001730,0.010000
9.660000,0.001727,0.010000
9.670000,0.001724,0.010000
9.680000,0.001723,0.010000
9.690000,0.001721,0.010000
9.700000,0.001717,0.010000
9.710000,0.001714,0.010000
9.720000,0.001708,0.010000
9.730000,0.001703,0.010000
9.740000,0.001698,0.010000
9.750000,0.001693,0.010000
9.760000,0.001689,0.010000
9.770000,0.001685,0.010000
9.780000,0.001683,0.010000
9.790000,0.001680,0.010000
9.800000,0.001677,0.010000
9.810000,0.001675,0.010000
9.820000,0.001673,0.010000
9.830000,0.001672,0.010000
9.840000,0.001672,0.010000
9.850000,0.001673,0.010000
9.860000,0.001671,0.010000
9.870000,0.001671,0.010000
9.880000,0.001670,0.010000
9.890000,0.001669,0.010000
9.900000,0.001669,0.010000
9.910000,0.001668,0.010000
9.920000,0.001667,0.010000
9.930000,0.001667,0.010000
9.940000,0.001667,0.010000
9.950000,0.001666,0.010000
9.960000,0.001666,0.010000
9.970000,0.001666,0.010000
9.980000,0.001666,0.010000
9.990000,0.001665,0.010000
10.000000,0.001664,0.010000
10.010000,9.340764,9.340764
10.020000,9.340764,9.340764
10.030000,9.340764,9.340764
10.040000,9.340764,9.340764
10.050000,9.340764,9.340764
10.060000,9.340764,9.340764
10.070000,9.340764,9.340764
10.080000,9.340764,9.340764
10.090000,9.340764,9.340764
10.100000,9.340764,9.340764
10.110000,9.340764,9.340764
10.120000,9.340764,9.340764
10.130000,9.340764,9.340764
10.140000,9.340764,9.340764
10.150000,9.340764,9.340764
10.160000,9.340764,9.340764
10.170000,9.340764,9.340764
10.180000,9.340764,9.340764
10.190000,9.340764,9.340764
10.200000,9.340764,9.340764
10.210000,9.340764,9.340764
10.220000,9.340764,9.340764
10.230000,9.340764,9.340764
10.240000,9.340764,9.340764
10.250000,9.340764,9.340764
10.260000,9.340764,9.340764
10.270000,9.340764,9.340764
10.280000,9.340764,9.340764
10.290000,9.340764,9.340764
10.300000,9.340764,9.340764
10.310000,9.340764,9.340764
10.320000,9.340764,9.340764
10.330000,9.340764,9.340764
10.340000,9.340764,9.340764
10.350000,9.340764,9.340764
10.360000,9.340764,9.340764
10.370000,9.340764,9.340764
10.380000,9.340764,9.340764
10.390000,9.340764,9.340764
10.400000,9.340764,9.340764
10.410000,9.340764,9.340764
10.420000,9.340764,9.340764
10.430000,9.340764,9.340764
10.440000,9.340764,9.340764
10.450000,9.340764,9.340764
10.460000,9.340764,9.340764
10.470000,9.340764,9.340764
10.480000,9.340764,9.340764
10.490000,9.340764,9.340764
10.500000,9.340764,9.340764
10.510000,9.340764,9.340764
10.520000,9.340764,9.340764
10.530000,9.340764,9.340764
10.540000,9.340764,9.340764
10.550000,9.340764,9.340764
10.560000,9.340764,9.340764
10.570000,9.340764,9.340764
10.580000,9.340764,9.340764
10.590000,9.340764,9.340764
10.600000,9.340764,9.340764
10.610000,9.340764,9.340764
10.620000,9.340764,9.340764
10.630000,9.340764,9.340764
10.640000,9.340764,9.340764
10.650000,9.340764,9.340764
10.660000,9.340764,9.340764
10.670000,9.340764,9.340764
10.680000,9.340764,9.340764
10.690000,9.340764,9.340764
10.700000,9.340764,9.340764
10.710000,9.340764,9.340764
10.720000,9.340764,9.340764
10.730000,9.340764,9.340764
10.740000,9.340764,9.340764
10.750000,9.340764,9.340764
10.760000,9.340764,9.340764
10.770000,9.340764,9.340764
10.780000,9.340764,9.328195
10.790000,9.340764,9.313564
10.800000,9.340764,9.299620
10.810000,9.340764,9.285870
10.820000,9.340764,9.272392
10.830000,9.321800,9.259077
10.840000,9.227555,9.247751
10.850000,9.134202,9.237611
10.860000,9.036144,9.228081
10.870000,8.941646,9.218739
10.880000,8.850558,9.209559
10.890000,8.766621,9.202026
10.900000,8.681971,9.195022
10.910000,8.600101,9.188239
10.920000,8.518884,9.181964
10.930000,8.446148,9.177699
10.940000,8.376894,9.174388
10.950000,8.320342,9.171057
10.960000,8.270060,9.167537
10.970000,8.219697,9.163117
10.980000,8.172018,9.159480
10.990000,8.126910,9.155980
11.000000,8.084402,9.152506
11.010000,8.038375,9.147113
11.020000,7.994504,9.141573
11.030000,7.952502,9.135859
11.040000,7.906070,9.128557
11.050000,7.860562,9.121090
11.060000,7.816247,9.113135
11.070000,7.772651,9.104588
11.080000,7.721180,9.093520
11.090000,7.671024,9.082372
11.100000,7.632517,9.071516
11.110000,7.596252,9.059869
11.120000,7.557607,9.046754
11.130000,7.517617,9.032636
11.140000,7.478830,9.018584
11.150000,7.440453,9.004242
11.160000,7.401641,8.989277
11.170000,7.363364,8.974106
11.180000,7.325853,8.958577
11.190000,7.302094,8.942542
11.200000,7.278166,8.925768
11.210000,7.254293,8.908328
11.220000,7.231039,8.890708
11.230000,7.208044,8.872751
11.240000,7.174086,8.854547
11.250000,7.151980,8.836238
11.260000,7.130412,8.817685
11.270000,7.108340,8.798411
11.280000,7.094174,8.777974
11.290000,7.086110,8.756805
11.300000,7.087638,8.735516
11.310000,7.090339,8.714185
11.320000,7.093998,8.692389
11.330000,7.098073,8.669692
11.340000,7.101956,8.646073
11.350000,7.106682,8.622232
11.360000,7.112461,8.598403
11.370000,7.118295,8.573782
11.380000,7.123906,8.548029
11.390000,7.130396,8.522244
11.400000,7.137897,8.496748
11.410000,7.146242,8.470641
11.420000,7.155007,8.443255
11.430000,7.164664,8.415401
11.440000,7.173824,8.388034
11.450000,7.183176,8.360969
11.460000,7.192540,8.333335
11.470000,7.201234,8.305940
11.480000,7.209911,8.278457
11.490000,7.217900,8.251415
11.500000,7.225439,8.224500
11.510000,7.232425,8.197752
11.520000,7.239139,8.171276
11.530000,7.245664,8.144782
11.540000,7.251555,8.118637
11.550000,7.257177,8.092205
11.560000,7.262489,8.065319
11.570000,7.267206,8.038629
11.580000,7.271616,8.012097
11.590000,7.275677,7.985406
11.600000,7.279154,7.959031
11.610000,7.282284,7.931907
11.620000,7.285047,7.904877
11.630000,7.287329,7.878368
11.640000,7.289240,7.851527
11.650000,7.290759,7.824638
11.660000,7.291916,7.796896
11.670000,7.292697,7.768447
11.680000,7.293058,7.739766
11.690000,7.292953,7.711253
11.700000,7.292060,7.682569
11.710000,7.291080,7.654327
11.720000,7.289742,7.625911
11.730000,7.287896,7.597172
11.740000,7.285554,7.567505
11.750000,7.282323,7.537580
11.760000,7.278520,7.507644
11.770000,7.274004,7.478117
11.780000,7.269212,7.449609
11.790000,7.263996,7.421595
11.800000,7.258077,7.393917
11.810000,7.251539,7.366096
11.820000,7.244261,7.337862
11.830000,7.236409,7.309475
11.840000,7.228226,7.281789
11.850000,7.219459,7.254071
11.860000,7.209701,7.226319
11.870000,7.199994,7.199056
11.880000,7.189732,7.171841
11.890000,7.178771,7.144645
11.900000,7.167195,7.117308
11.910000,7.155006,7.089908
11.920000,7.142320,7.062601
11.930000,7.129085,7.035270
11.940000,7.115598,7.008180
11.950000,7.101782,6.981334
11.960000,7.087577,6.954533
11.970000,7.072889,6.927781
11.980000,7.058112,6.901101
11.990000,7.042832,6.874220
12.000000,7.027132,6.847539
12.010000,7.011403,6.821009
12.020000,6.995198,6.794272
12.030000,6.979009,6.767964
12.040000,6.962727,6.741522
12.050000,6.945878,6.715066
12.060000,6.928538,6.688237
12.070000,6.910489,6.660913
12.080000,6.891954,6.633492
12.090000,6.873636,6.606507
12.100000,6.854856,6.579225
12.110000,6.835771,6.552125
12.120000,6.816200,6.524651
12.130000,6.795377,6.496372
12.140000,6.774153,6.468039
12.150000,6.752648,6.439464
12.160000,6.730736,6.410948
12.170000,6.708793,6.382634
12.180000,6.686482,6.354267
12.190000,6.664058,6.326288
12.200000,6.641095,6.297672
12.210000,6.617518,6.268976
12.220000,6.594407,6.240384
12.230000,6.571666,6.211741
12.240000,6.548559,6.182890
12.250000,6.524789,6.153859
12.260000,6.500844,6.124801
12.270000,6.476740,6.095932
12.280000,6.452958,6.067551
12.290000,6.428439,6.038724
12.300000,6.402659,6.009387
12.310000,6.376835,5.980061
12.320000,6.350948,5.950879
12.330000,6.325584,5.922201
12.340000,6.299360,5.893151
12.350000,6.272977,5.864223
12.360000,6.245975,5.835080
12.370000,6.218858,5.806038
12.380000,6.191379,5.776939
12.390000,6.163844,5.748021
12.400000,6.135371,5.718448
12.410000,6.106386,5.688913
12.420000,6.077379,5.659442
12.430000,6.048108,5.629972
12.440000,6.018464,5.600251
12.450000,5.987724,5.569964
12.460000,5.956604,5.539429
12.470000,5.925353,5.508930
12.480000,5.894280,5.478827
12.490000,5.862739,5.448326
12.500000,5.830301,5.417243
12.510000,5.797450,5.386052
12.520000,5.764285,5.354478
12.530000,5.731332,5.323301
12.540000,5.698144,5.292028
12.550000,5.664635,5.260604
12.560000,5.629974,5.228425
12.570000,5.594617,5.195549
12.580000,5.559954,5.163466
12.590000,5.525498,5.131596
12.600000,5.490957,5.099782
12.610000,5.455555,5.067487
12.620000,5.418589,5.033688
12.630000,5.381637,5.000111
12.640000,5.345800,4.967567
12.650000,5.310538,4.935493
12.660000,5.275753,4.903952
12.670000,5.241400,4.872650
12.680000,5.209217,4.841155
12.690000,5.178474,4.809380
12.700000,5.147970,4.777887
12.710000,5.117904,4.746820
12.720000,5.088605,4.716525
12.730000,5.059349,4.686272
12.740000,5.030203,4.656170
12.750000,5.001104,4.626136
12.760000,4.972117,4.596243
12.770000,4.943047,4.566284
12.780000,4.913961,4.536314
12.790000,4.884000,4.505496
12.800000,4.853298,4.473962
12.810000,4.822650,4.442497
12.820000,4.792719,4.411762
12.830000,4.762910,4.381169
12.840000,4.732892,4.350375
12.850000,4.702402,4.319124
12.860000,4.671506,4.287467
12.870000,4.640271,4.255486
12.880000,4.609162,4.223634
12.890000,4.577582,4.191308
12.900000,4.546263,4.159270
12.910000,4.514938,4.127229
12.920000,4.483676,4.095259
12.930000,4.452542,4.063423
12.940000,4.420874,4.031047
12.950000,4.388737,3.998212
12.960000,4.356465,3.965243
12.970000,4.323925,3.932004
12.980000,4.291715,3.899097
12.990000,4.258972,3.865655
13.000000,4.226160,3.832154
13.010000,4.193480,3.798790
13.020000,4.160932,3.765566
13.030000,4.128650,3.732620
13.040000,4.095902,3.699205
13.050000,4.062689,3.665322
13.060000,4.029743,3.631718
13.070000,3.996732,3.598057
13.080000,3.963722,3.564401
13.090000,3.930249,3.530278
13.100000,3.896978,3.496372
13.110000,3.864441,3.463225
13.120000,3.831574,3.429740
13.130000,3.797915,3.395447
13.140000,3.764126,3.361025
13.150000,3.730075,3.326345
13.160000,3.696428,3.292082
13.170000,3.663847,3.258958
13.180000,3.630810,3.225340
13.190000,3.597977,3.191952
13.200000,3.565086,3.158515
13.210000,3.531871,3.124750
13.220000,3.499525,3.091838
13.230000,3.466522,3.058296
13.240000,3.433595,3.024834
13.250000,3.399417,2.990065
13.260000,3.365376,2.955404
13.270000,3.331275,2.920695
13.280000,3.298438,2.887290
13.290000,3.265871,2.854149
13.300000,3.232315,2.819916
13.310000,3.198030,2.784921
13.320000,3.164539,2.750744
13.330000,3.131909,2.717473
13.340000,3.099147,2.684019
13.350000,3.066250,2.650412
13.360000,3.033152,2.616604
13.370000,2.999986,2.582740
13.380000,2.966884,2.548905
13.390000,2.934043,2.515330
13.400000,2.901860,2.482434
13.410000,2.869608,2.449472
13.420000,2.836492,2.415632
13.430000,2.803042,2.381464
13.440000,2.769856,2.347615
13.450000,2.736802,2.313858
13.460000,2.704341,2.280682
13.470000,2.672011,2.247645
13.480000,2.640009,2.214962
13.490000,2.607740,2.182007
13.500000,2.575668,2.149242
13.510000,2.543925,2.116830
13.520000,2.512116,2.084374
13.530000,2.480306,2.051904
13.540000,2.448629,2.019582
13.550000,2.417415,1.987723
13.560000,2.385936,1.955620
13.570000,2.354392,1.923448
13.580000,2.322584,1.891014
13.590000,2.290843,1.858646
13.600000,2.259568,1.826777
13.610000,2.228295,1.794898
13.620000,2.196957,1.762943
13.630000,2.165288,1.730620
13.640000,2.134349,1.699086
13.650000,2.103478,1.667619
13.660000,2.072542,1.636077
13.670000,2.041540,1.604442
13.680000,2.010671,1.572943
13.690000,1.979868,1.541507
13.700000,1.949131,1.510143
13.710000,1.917996,1.478344
13.720000,1.886461,1.446131
13.730000,1.855388,1.414400
13.740000,1.824380,1.382731
13.750000,1.792971,1.350620
13.760000,1.761493,1.318436
13.770000,1.730807,1.287086
13.780000,1.699721,1.255310
13.790000,1.668233,1.223112
13.800000,1.636543,1.190694
13.810000,1.604847,1.158261
13.820000,1.573014,1.125697
13.830000,1.541376,1.093353
13.840000,1.509601,1.060867
13.850000,1.477757,1.028329
13.860000,1.445977,0.995855
13.870000,1.414128,0.963314
13.880000,1.381879,0.930370
13.890000,1.349893,0.897701
13.900000,1.318171,0.865314
13.910000,1.285984,0.832451
13.920000,1.253729,0.799516
13.930000,1.221473,0.766581
13.940000,1.189282,0.733731
13.950000,1.157025,0.700812
13.960000,1.124237,0.667355
13.970000,1.091249,0.633701
13.980000,1.058263,0.600049
13.990000,1.025276,0.566396
14.000000,0.992423,0.532889
14.010000,0.959835,0.499645
14.020000,0.927116,0.466271
14.030000,0.894463,0.432964
14.040000,0.861812,0.399658
14.050000,0.828895,0.366092
14.060000,0.795913,0.332463
14.070000,0.762999,0.298902
14.080000,0.730086,0.265343
14.090000,0.697441,0.232069
14.100000,0.665726,0.199767
14.110000,0.634346,0.167808
14.120000,0.602837,0.135727
14.130000,0.571199,0.103525
14.140000,0.538502,0.070200
14.150000,0.505675,0.036751
14.160000,0.472651,0.010000
14.170000,0.436421,0.010000
14.180000,0.394626,0.010000
14.190000,0.354463,0.010000
14.200000,0.315754,0.010000
14.210000,0.278576,0.010000
14.220000,0.242920,0.010000
14.230000,0.208779,0.010000
14.240000,0.176016,0.010000
14.250000,0.144886,0.010000
14.260000,0.115420,0.010000
14.270000,0.089112,0.010000
14.280000,0.064411,0.010000
14.290000,0.042032,0.010000
14.300000,0.021464,0.010000
14.310000,0.006845,0.010000
14.320000,0.006683,0.010000
14.330000,0.006523,0.010000
14.340000,0.006372,0.010000
14.350000,0.006232,0.010000
14.360000,0.006103,0.010000
14.370000,0.005987,0.010000
14.380000,0.005884,0.010000
14.390000,0.005793,0.010000
14.400000,0.005709,0.010000
14.410000,0.005630,0.010000
14.420000,0.005554,0.010000
14.430000,0.005485,0.010000
14.440000,0.005426,0.010000
14.450000,0.005377,0.010000
14.460000,0.005338,0.010000
14.470000,0.005308,0.010000
14.480000,0.005283,0.010000
14.490000,0.005263,0.010000
14.500000,0.005247,0.010000
14.510000,0.005231,0.010000
14.520000,0.005216,0.010000
14.530000,0.005203,0.010000
14.540000,0.005195,0.010000
14.550000,0.005190,0.010000
14.560000,0.005189,0.010000
14.570000,0.005187,0.010000
14.580000,0.005184,0.010000
14.590000,0.005181,0.010000
14.600000,0.005178,0.010000
14.610000,0.005175,0.010000
14.620000,0.005175,0.010000
14.630000,0.005175,0.010000
14.640000,0.005175,0.010000
14.650000,0.005175,0.010000
14.660000,0.005175,0.010000
14.670000,0.005175,0.010000
14.680000,0.005176,0.010000
14.690000,0.005176,0.010000
14.700000,0.005176,0.010000
14.710000,0.005176,0.010000
14.720000,0.005176,0.010000
14.730000,0.005176,0.010000
14.740000,0.005176,0.010000
14.750000,0.005176,0.010000
14.760000,0.005176,0.010000
14.770000,0.005176,0.010000
14.780000,0.005176,0.010000
14.790000,0.005176,0.010000
14.800000,0.005176,0.010000
14.810000,0.005176,0.010000
14.820000,0.005176,0.010000
14.830000,0.005176,0.010000
14.840000,0.005176,0.010000
14.850000,0.005174,0.010000
14.860000,0.005174,0.010000
14.870000,0.005174,0.010000
14.880000,0.005172,0.010000
14.890000,0.005171,0.010000
14.900000,0.005170,0.010000
14.910000,0.005170,0.010000
14.920000,0.005171,0.010000
14.930000,0.005170,0.010000
14.940000,0.005170,0.010000
14.950000,0.005170,0.010000
14.960000,0.005170,0.010000
14.970000,0.005170,0.010000
14.980000,0.005170,0.010000
14.990000,0.005170,0.010000
15.000000,0.005170,0.010000
15.010000,0.005169,0.010000
15.020000,0.005166,0.010000
15.030000,0.005164,0.010000
15.040000,0.005161,0.010000
15.050000,0.005158,0.010000
15.060000,0.005155,0.010000
15.070000,0.005151,0.010000
15.080000,0.005147,0.010000
15.090000,0.005144,0.010000
15.100000,0.005140,0.010000
15.110000,0.005135,0.010000
15.120000,0.005131,0.010000
15.130000,0.005126,0.010000
15.140000,0.005123,0.010000
15.150000,0.005119,0.010000
15.160000,0.005114,0.010000
15.170000,0.005107,0.010000
15.180000,0.005101,0.010000
15.190000,0.005095,0.010000
15.200000,0.005090,0.010000
15.210000,0.005083,0.010000
15.220000,0.005075,0.010000
15.230000,0.005067,0.010000
15.240000,0.005060,0.010000
15.250000,0.005053,0.010000
15.260000,0.005046,0.010000
15.270000,0.005039,0.010000
15.280000,0.005031,0.010000
15.290000,0.005022,0.010000
15.300000,0.005015,0.010000
15.310000,0.005010,0.010000
15.320000,0.005004,0.010000
15.330000,0.004999,0.010000
15.340000,0.004994,0.010000
15.350000,0.004988,0.010000
15.360000,0.004982,0.010000
15.370000,0.004978,0.010000
15.380000,0.004975,0.010000
15.390000,0.004972,0.010000
15.400000,0.004968,0.010000
15.410000,0.004964,0.010000
15.420000,0.004960,0.010000
15.430000,0.004957,0.010000
15.440000,0.004955,0.010000
15.450000,0.004953,0.010000
15.460000,0.004950,0.010000
15.470000,0.004947,0.010000
15.480000,0.004944,0.010000
15.490000,0.004943,0.010000
15.500000,0.004942,0.010000
15.510000,0.004940,0.010000
15.520000,0.004937,0.010000
15.530000,0.004936,0.010000
15.540000,0.004936,0.010000
15.550000,0.004935,0.010000
15.560000,0.004935,0.010000
15.570000,0.004934,0.010000
15.580000,0.004934,0.010000
15.590000,0.004934,0.010000
15.600000,0.004934,0.010000
15.610000,0.004934,0.010000
15.620000,0.004934,0.010000
15.630000,0.004934,0.010000
15.640000,0.004934,0.010000
15.650000,0.004934,0.010000
15.660000,0.004934,0.010000
15.670000,0.004934,0.010000
15.680000,0.004934,0.010000
15.690000,0.004933,0.010000
15.700000,0.004933,0.010000
15.710000,0.004933,0.010000
15.720000,0.004933,0.010000
15.730000,0.004933,0.010000
15.740000,0.004933,0.010000
15.750000,0.004933,0.010000
15.760000,0.004933,0.010000
15.770000,0.004933,0.010000
15.780000,0.004933,0.010000
15.790000,0.004933,0.010000
15.800000,0.004933,0.010000
15.810000,0.004933,0.010000
15.820000,0.004933,0.010000
15.830000,0.004933,0.010000
15.840000,0.004933,0.010000
15.850000,0.004933,0.010000
15.860000,0.004933,0.010000
15.870000,0.004933,0.010000
15.880000,0.004933,0.010000
15.890000,0.004933,0.010000
15.900000,0.004933,0.010000
15.910000,0.004933,0.010000
15.920000,0.004933,0.010000
15.930000,0.004933,0.010000
15.940000,0.004933,0.010000
15.950000,0.004933,0.010000
15.960000,0.004933,0.010000
15.970000,0.004933,0.010000
15.980000,0.004933,0.010000
15.990000,0.004933,0.010000
16.000000,0.004933,0.010000
16.010000,0.004933,0.010000
16.020000,0.004933,0.010000
16.030000,0.004933,0.010000
16.040000,0.004933,0.010000
16.050000,0.004933,0.010000
16.060000,0.004933,0.010000
16.070000,0.004933,0.010000
16.080000,0.004933,0.010000
16.090000,0.004933,0.010000
16.100000,0.004933,0.010000
16.110000,0.004933,0.010000
16.120000,0.004933,0.010000
16.130000,0.004933,0.010000
16.140000,0.004933,0.010000
16.150000,0.004933,0.010000
16.160000,0.004933,0.010000
16.170000,0.004933,0.010000
16.180000,0.004933,0.010000
16.190000,0.004933,0.010000
16.200000,0.004931,0.010000
16.210000,0.004930,0.010000
16.220000,0.004930,0.010000
16.230000,0.004928,0.010000
16.240000,0.004925,0.010000
16.250000,0.004922,0.010000
16.260000,0.004919,0.010000
16.270000,0.004917,0.010000
16.280000,0.004914,0.010000
16.290000,0.004910,0.010000
16.300000,0.004907,0.010000
16.310000,0.004904,0.010000
16.320000,0.004902,0.010000
16.330000,0.004898,0.010000
16.340000,0.004893,0.010000
16.350000,0.004890,0.010000
16.360000,0.004888,0.010000
16.370000,0.004884,0.010000
16.380000,0.004882,0.010000
16.390000,0.004878,0.010000
16.400000,0.004874,0.010000
16.410000,0.004867,0.010000
16.420000,0.004862,0.010000
16.430000,0.004860,0.010000
16.440000,0.004856,0.010000
16.450000,0.004852,0.010000
16.460000,0.004847,0.010000
16.470000,0.004842,0.010000
16.480000,0.004837,0.010000
16.490000,0.004833,0.010000
16.500000,0.004827,0.010000
16.510000,0.004821,0.010000
16.520000,0.004816,0.010000
16.530000,0.004814,0.010000
16.540000,0.004808,0.010000
16.550000,0.004796,0.010000
16.560000,0.004783,0.010000
16.570000,0.004775,0.010000
16.580000,0.004768,0.010000
16.590000,0.004756,0.010000
16.600000,0.004744,0.010000
16.610000,0.004732,0.010000
16.620000,0.004721,0.010000
16.630000,0.004710,0.010000
16.640000,0.004699,0.010000
16.650000,0.004687,0.010000
16.660000,0.004677,0.010000
16.670000,0.004666,0.010000
16.680000,0.004655,0.010000
16.690000,0.004644,0.010000
16.700000,0.004633,0.010000
16.710000,0.004624,0.010000
16.720000,0.004617,0.010000
16.730000,0.004609,0.010000
16.740000,0.004604,0.010000
16.750000,0.004599,0.010000
16.760000,0.004594,0.010000
16.770000,0.004590,0.010000
16.780000,0.004588,0.010000
16.790000,0.004587,0.010000
16.800000,0.004587,0.010000
16.810000,0.004587,0.010000
16.820000,0.004586,0.010000
16.830000,0.004585,0.010000
16.840000,0.004585,0.010000
16.850000,0.004585,0.010000
16.860000,0.004585,0.010000
16.870000,0.004584,0.010000
16.880000,0.004584,0.010000
16.890000,0.004583,0.010000
16.900000,0.004583,0.010000
16.910000,0.004582,0.010000
16.920000,0.004580,0.010000
16.930000,0.004575,0.010000
16.940000,0.004571,0.010000
16.950000,0.004570,0.010000
16.960000,0.004568,0.010000
16.970000,0.004565,0.010000
16.980000,0.004562,0.010000
16.990000,0.004558,0.010000
17.000000,0.004554,0.010000
17.010000,0.004551,0.010000
17.020000,0.004549,0.010000
17.030000,0.004548,0.010000
17.040000,0.004548,0.010000
17.050000,0.004547,0.010000
17.060000,0.004546,0.010000
17.070000,0.004545,0.010000
17.080000,0.004545,0.010000
17.090000,0.004544,0.010000
17.100000,0.004544,0.010000
17.110000,0.004543,0.010000
17.120000,0.004542,0.010000
17.130000,0.004540,0.010000
17.140000,0.004537,0.010000
17.150000,0.004534,0.010000
17.160000,0.004530,0.010000
17.170000,0.004526,0.010000
17.180000,0.004522,0.010000
17.190000,0.004517,0.010000
17.200000,0.004512,0.010000
17.210000,0.004508,0.010000
17.220000,0.004504,0.010000
17.230000,0.004497,0.010000
17.240000,0.004492,0.010000
17.250000,0.004487,0.010000
17.260000,0.004483,0.010000
17.270000,0.004476,0.010000
17.280000,0.004469,0.010000
17.290000,0.004463,0.010000
17.300000,0.004458,0.010000
17.310000,0.004452,0.010000
17.320000,0.004448,0.010000
17.330000,0.004445,0.010000
17.340000,0.004441,0.010000
17.350000,0.004435,0.010000
17.360000,0.004430,0.010000
17.370000,0.004426,0.010000
17.380000,0.004423,0.010000
17.390000,0.004418,0.010000
17.400000,0.004414,0.010000
17.410000,0.004410,0.010000
17.420000,0.004402,0.010000
17.430000,0.004390,0.010000
17.440000,0.004380,0.010000
17.450000,0.004372,0.010000
17.460000,0.004362,0.010000
17.470000,0.004351,0.010000
17.480000,0.004341,0.010000
17.490000,0.004331,0.010000
17.500000,0.004320,0.010000
17.510000,0.004308,0.010000
17.520000,0.004295,0.010000
17.530000,0.004282,0.010000
17.540000,0.004270,0.010000
17.550000,0.004258,0.010000
17.560000,0.004247,0.010000
17.570000,0.004235,0.010000
17.580000,0.004222,0.010000
17.590000,0.004210,0.010000
17.600000,0.004197,0.010000
17.610000,0.004186,0.010000
17.620000,0.004176,0.010000
17.630000,0.004166,0.010000
17.640000,0.004158,0.010000
17.650000,0.004150,0.010000
17.660000,0.004146,0.010000
17.670000,0.004142,0.010000
17.680000,0.004139,0.010000
17.690000,0.004139,0.010000
17.700000,0.004139,0.010000
17.710000,0.004139,0.010000
17.720000,0.004138,0.010000
17.730000,0.004138,0.010000
17.740000,0.004139,0.010000
17.750000,0.004139,0.010000
17.760000,0.004139,0.010000
17.770000,0.004137,0.010000
17.780000,0.004136,0.010000
17.790000,0.004135,0.010000
17.800000,0.004135,0.010000
17.810000,0.004135,0.010000
17.820000,0.004134,0.010000
17.830000,0.004134,0.010000
17.840000,0.004134,0.010000
17.850000,0.004134,0.010000
17.860000,0.004134,0.010000
17.870000,0.004134,0.010000
17.880000,0.004134,0.010000
17.890000,0.004134,0.010000
17.900000,0.004134,0.010000
17.910000,0.004134,0.010000
17.920000,0.004134,0.010000
17.930000,0.004134,0.010000
17.940000,0.004134,0.010000
17.950000,0.004134,0.010000
17.960000,0.004134,0.010000
17.970000,0.004134,0.010000
17.980000,0.004134,0.010000
17.990000,0.004134,0.010000
18.000000,0.004134,0.010000
18.010000,0.004134,0.010000
18.020000,0.004134,0.010000
18.030000,0.004134,0.010000
18.040000,0.004134,0.010000
18.050000,0.004133,0.010000
18.060000,0.004133,0.010000
18.070000,0.004132,0.010000
18.080000,0.004132,0.010000
18.090000,0.004132,0.010000
18.100000,0.004131,0.010000
18.110000,0.004130,0.010000
18.120000,0.004129,0.010000
18.130000,0.004127,0.010000
18.140000,0.004126,0.010000
18.150000,0.004125,0.010000
18.160000,0.004123,0.010000
18.170000,0.004121,0.010000
18.180000,0.004118,0.010000
18.190000,0.004116,0.010000
18.200000,0.004114,0.010000
18.210000,0.004111,0.010000
18.220000,0.004109,0.010000
18.230000,0.004108,0.010000
18.240000,0.004106,0.010000
18.250000,0.004102,0.010000
18.260000,0.004100,0.010000
18.270000,0.004099,0.010000
18.280000,0.004097,0.010000
18.290000,0.004095,0.010000
18.300000,0.004094,0.010000
18.310000,0.004092,0.010000
18.320000,0.004092,0.010000
18.330000,0.004091,0.010000
18.340000,0.004091,0.010000
18.350000,0.004091,0.010000
18.360000,0.004090,0.010000
18.370000,0.004090,0.010000
18.380000,0.004090,0.010000
18.390000,0.004090,0.010000
18.400000,0.004090,0.010000
18.410000,0.004088,0.010000
18.420000,0.004087,0.010000
18.430000,0.004084,0.010000
18.440000,0.004085,0.010000
18.450000,0.004083,0.010000
18.460000,0.004081,0.010000
18.470000,0.004078,0.010000
18.480000,0.004076,0.010000
18.490000,0.004074,0.010000
18.500000,0.004071,0.010000
18.510000,0.004066,0.010000
18.520000,0.004059,0.010000
18.530000,0.004055,0.010000
18.540000,0.004054,0.010000
18.550000,0.004051,0.010000
18.560000,0.004047,0.010000
18.570000,0.004043,0.010000
18.580000,0.004038,0.010000
18.590000,0.004033,0.010000
18.600000,0.004030,0.010000
18.610000,0.004027,0.010000
18.620000,0.004023,0.010000
18.630000,0.004019,0.010000
18.640000,0.004016,0.010000
18.650000,0.004011,0.010000
18.660000,0.004006,0.010000
18.670000,0.004000,0.010000
18.680000,0.003995,0.010000
18.690000,0.003990,0.010000
18.700000,0.003986,0.010000
18.710000,0.003981,0.010000
18.720000,0.003977,0.010000
18.730000,0.003974,0.010000
18.740000,0.003972,0.010000
18.750000,0.003969,0.010000
18.760000,0.003967,0.010000
18.770000,0.003965,0.010000
18.780000,0.003962,0.010000
18.790000,0.003959,0.010000
18.800000,0.003954,0.010000
18.810000,0.003950,0.010000
18.820000,0.003946,0.010000
18.830000,0.003941,0.010000
18.840000,0.003935,0.010000
18.850000,0.003929,0.010000
18.860000,0.003922,0.010000
18.870000,0.003915,0.010000
18.880000,0.003908,0.010000
18.890000,0.003901,0.010000
18.900000,0.003894,0.010000
18.910000,0.003888,0.010000
18.920000,0.003882,0.010000
18.930000,0.003875,0.010000
18.940000,0.003869,0.010000
18.950000,0.003866,0.010000
18.960000,0.003864,0.010000
18.970000,0.003858,0.010000
18.980000,0.003851,0.010000
18.990000,0.003846,0.010000
19.000000,0.003842,0.010000
19.010000,0.003838,0.010000
19.020000,0.003831,0.010000
19.030000,0.003825,0.010000
19.040000,0.003819,0.010000
19.050000,0.003814,0.010000
19.060000,0.003806,0.010000
19.070000,0.003798,0.010000
19.080000,0.003791,0.010000
19.090000,0.003787,0.010000
19.100000,0.003784,0.010000
19.110000,0.003778,0.010000
19.120000,0.003769,0.010000
19.130000,0.003760,0.010000
19.140000,0.003754,0.010000
19.150000,0.003749,0.010000
19.160000,0.003745,0.010000
19.170000,0.003743,0.010000
19.180000,0.003742,0.010000
19.190000,0.003740,0.010000
19.200000,0.003738,0.010000
19.210000,0.003737,0.010000
19.220000,0.003737,0.010000
19.230000,0.003737,0.010000
19.240000,0.003738,0.010000
19.250000,0.003738,0.010000
19.260000,0.003738,0.010000
19.270000,0.003737,0.010000
19.280000,0.003736,0.010000
19.290000,0.003734,0.010000
19.300000,0.003731,0.010000
19.310000,0.003730,0.010000
19.320000,0.003728,0.010000
19.330000,0.003724,0.010000
19.340000,0.003714,0.010000
19.350000,0.003705,0.010000
19.360000,0.003700,0.010000
19.370000,0.003699,0.010000
19.380000,0.003697,0.010000
19.390000,0.003691,0.010000
19.400000,0.003684,0.010000
19.410000,0.003679,0.010000
19.420000,0.003672,0.010000
19.430000,0.003666,0.010000
19.440000,0.003660,0.010000
19.450000,0.003656,0.010000
19.460000,0.003654,0.010000
19.470000,0.003651,0.010000
19.480000,0.003648,0.010000
19.490000,0.003646,0.010000
19.500000,0.003644,0.010000
19.510000,0.003643,0.010000
19.520000,0.003642,0.010000
19.530000,0.003642,0.010000
19.540000,0.003642,0.010000
19.550000,0.003641,0.010000
19.560000,0.003640,0.010000
19.570000,0.003640,0.010000
19.580000,0.003639,0.010000
19.590000,0.003639,0.010000
19.600000,0.003636,0.010000
19.610000,0.003629,0.010000
19.620000,0.003618,0.010000
19.630000,0.003606,0.010000
19.640000,0.003599,0.010000
19.650000,0.003595,0.010000
19.660000,0.003588,0.010000
19.670000,0.003577,0.010000
19.680000,0.003565,0.010000
19.690000,0.003553,0.010000
19.700000,0.003542,0.010000
19.710000,0.003533,0.010000
19.720000,0.003526,0.010000
19.730000,0.003519,0.010000
19.740000,0.003513,0.010000
19.750000,0.003506,0.010000
19.760000,0.003499,0.010000
19.770000,0.003493,0.010000
19.780000,0.003486,0.010000
19.790000,0.003481,0.010000
19.800000,0.003478,0.010000
19.810000,0.003477,0.010000
19.820000,0.003475,0.010000
19.830000,0.003471,0.010000
19.840000,0.003467,0.010000
19.850000,0.003464,0.010000
19.860000,0.003463,0.010000
19.870000,0.003463,0.010000
19.880000,0.003463,0.010000
19.890000,0.003461,0.010000
19.900000,0.003460,0.010000
19.910000,0.003460,0.010000
19.920000,0.003459,0.010000
19.930000,0.003459,0.010000
19.940000,0.003459,0.010000
19.950000,0.003459,0.010000
19.960000,0.003458,0.010000
19.970000,0.003458,0.010000
19.980000,0.003458,0.010000
19.990000,0.003458,0.010000
20.000000,-9.153949,9.340764
20.010000,-9.153949,9.340764
20.020000,-9.153949,9.340764
20.030000,-9.153949,9.340764
20.040000,-9.153949,9.340764
20.050000,-9.153949,9.340764
20.060000,-9.153949,9.340764
20.070000,-9.153949,9.340764
20.080000,-9.153949,9.340764
20.090000,-9.153949,9.340764
20.100000,-9.153949,9.340764
20.110000,-9.153949,9.340764
20.120000,-9.153949,9.340764
20.130000,-9.153949,9.340764
20.140000,-9.153949,9.340764
20.150000,-9.153949,9.340764
20.160000,-9.153949,9.340764
20.170000,-9.153949,9.340764
20.180000,-9.153949,9.340764
20.190000,-9.153949,9.340764
20.200000,-9.153949,9.340764
20.210000,-9.153949,9.340764
20.220000,-9.153949,9.340764
20.230000,-9.153949,9.340764
20.240000,-9.153949,9.340764
20.250000,-9.153949,9.340764
20.260000,-9.153949,9.340764
20.270000,-9.153949,9.340764
20.280000,-9.153949,9.340764
20.290000,-9.153949,9.340764
20.300000,-9.153949,9.340764
20.310000,-9.153949,9.340764
20.320000,-9.153949,9.340764
20.330000,-9.153949,9.340764
20.340000,-9.153949,9.340764
20.350000,-9.153949,9.340764
20.360000,-9.153949,9.340764
20.370000,-9.153949,9.340764
20.380000,-9.153949,9.340764
20.390000,-9.153949,9.340764
20.400000,-9.153949,9.340764
20.410000,-9.153949,9.340764
20.420000,-9.153949,9.340764
20.430000,-9.153949,9.340764
20.440000,-9.153949,9.340764
20.450000,-9.153949,9.340764
20.460000,-9.153949,9.340764
20.470000,-9.153949,9.340764
20.480000,-9.153949,9.340764
20.490000,-9.153949,9.340764
20.500000,-9.153949,9.340764
20.510000,-9.153949,9.340764
20.520000,-9.153949,9.340764
20.530000,-9.153949,9.340764
20.540000,-9.153949,9.340764
20.550000,-9.153949,9.340764
20.560000,-9.153949,9.340764
20.570000,-9.153949,9.340764
20.580000,-9.153949,9.340764
20.590000,-9.153949,9.340764
20.600000,-9.153949,9.340764
20.610000,-9.153949,9.340764
20.620000,-9.153949,9.340764
20.630000,-9.153949,9.340764
20.640000,-9.153949,9.340764
20.650000,-9.153949,9.340764
20.660000,-9.142436,9.340764
20.670000,-9.116307,9.340764
20.680000,-9.090061,9.340764
20.690000,-9.063182,9.340764
20.700000,-9.035868,9.340764
20.710000,-9.008968,9.340764
20.720000,-8.981769,9.340764
20.730000,-8.954273,9.340764
20.740000,-8.926875,9.340764
20.750000,-8.899382,9.340764
20.760000,-8.871141,9.340764
20.770000,-8.842544,9.340764
20.780000,-8.814645,9.340764
20.790000,-8.786790,9.340764
20.800000,-8.757863,9.340764
20.810000,-8.728587,9.340764
20.820000,-8.699358,9.340764
20.830000,-8.669848,9.323350
20.840000,-8.640586,9.293753
20.850000,-8.611703,9.264525
20.860000,-8.582674,9.235121
20.870000,-8.553169,9.205193
20.880000,-8.523257,9.174878
20.890000,-8.493000,9.144201
20.900000,-8.462401,9.113147
20.910000,-8.431924,9.082203
20.920000,-8.401238,9.051038
20.930000,-8.370145,9.019445
20.940000,-8.338912,8.987697
20.950000,-8.308068,8.956323
20.960000,-8.276821,8.924509
20.970000,-8.245237,8.892372
20.980000,-8.214045,8.860625
20.990000,-8.182319,8.828307
21.000000,-8.150323,8.795730
21.010000,-8.118786,8.763595
21.020000,-8.086717,8.730899
21.030000,-8.054580,8.698130
21.040000,-8.022575,8.665478
21.050000,-7.990105,8.632344
21.060000,-7.957968,8.599546
21.070000,-7.926427,8.567331
21.080000,-7.894691,8.534908
21.090000,-7.862559,8.502097
21.100000,-7.830694,8.469541
21.110000,-7.799097,8.437252
21.120000,-7.767239,8.404689
21.130000,-7.735385,8.372135
21.140000,-7.703666,8.339718
21.150000,-7.672216,8.307580
21.160000,-7.640571,8.275233
21.170000,-7.608664,8.242624
21.180000,-7.576761,8.210025
21.190000,-7.545391,8.177969
21.200000,-7.514091,8.145972
21.210000,-7.483059,8.114242
21.220000,-7.451105,8.081591
21.230000,-7.418956,8.048750
21.240000,-7.387206,8.016309
21.250000,-7.355393,7.983799
21.260000,-7.323913,7.951656
21.270000,-7.292698,7.919805
21.280000,-7.261418,7.887884
21.290000,-7.229873,7.855699
21.300000,-7.198063,7.823230
21.310000,-7.166056,7.790570
21.320000,-7.134378,7.758287
21.330000,-7.103028,7.726321
21.340000,-7.072007,7.694680
21.350000,-7.040324,7.662391
21.360000,-7.007976,7.629417
21.370000,-6.975229,7.596035
21.380000,-6.942678,7.562849
21.390000,-6.910853,7.530428
21.400000,-6.879619,7.498593
21.410000,-6.849641,7.468036
21.420000,-6.819529,7.437308
21.430000,-6.788291,7.405462
21.440000,-6.755794,7.372307
21.450000,-6.722702,7.338546
21.460000,-6.690073,7.305242
21.470000,-6.657643,7.272137
21.480000,-6.625810,7.239639
21.490000,-6.594442,7.207603
21.500000,-6.563340,7.175833
21.510000,-6.531513,7.143319
21.520000,-6.498696,7.109804
21.530000,-6.466213,7.076611
21.540000,-6.434462,7.044138
21.550000,-6.403377,7.012344
21.560000,-6.372627,6.980918
21.570000,-6.341749,6.949351
21.580000,-6.310610,6.917525
21.590000,-6.279145,6.885338
21.600000,-6.248149,6.853591
21.610000,-6.220664,6.825413
21.620000,-6.193584,6.797618
21.630000,-6.164864,6.768138
21.640000,-6.134636,6.737154
21.650000,-6.103295,6.705043
21.660000,-6.071502,6.672471
21.670000,-6.039322,6.639502
21.680000,-6.008800,6.608227
21.690000,-5.980132,6.578852
21.700000,-5.951867,6.549897
21.710000,-5.923478,6.520792
21.720000,-5.894109,6.490710
21.730000,-5.863101,6.458978
21.740000,-5.831045,6.426216
21.750000,-5.799453,6.393924
21.760000,-5.768918,6.362721
21.770000,-5.739044,6.332213
21.780000,-5.709170,6.301750
21.790000,-5.679030,6.271037
21.800000,-5.648164,6.239586
21.810000,-5.616900,6.207729
21.820000,-5.585763,6.176024
21.830000,-5.554358,6.144075
21.840000,-5.523605,6.112770
21.850000,-5.492781,6.081378
21.860000,-5.461822,6.049857
21.870000,-5.430593,6.018090
21.880000,-5.400082,5.987041
21.890000,-5.368709,5.955115
21.900000,-5.337660,5.923505
21.910000,-5.305484,5.890767
21.920000,-5.273301,5.858049
21.930000,-5.240715,5.824871
21.940000,-5.207726,5.791318
21.950000,-5.174730,5.757764
21.960000,-5.141658,5.724128
21.970000,-5.109174,5.691084
21.980000,-5.077475,5.658808
21.990000,-5.044844,5.625646
22.000000,-5.012271,5.592520
22.010000,-4.979556,5.559270
22.020000,-4.946965,5.526120
22.030000,-4.914234,5.492833
22.040000,-4.881627,5.459670
22.050000,-4.849277,5.426766
22.060000,-4.816721,5.393652
22.070000,-4.783428,5.359800
22.080000,-4.750525,5.326316
22.090000,-4.717946,5.293158
22.100000,-4.685360,5.260015
22.110000,-4.653164,5.227265
22.120000,-4.621425,5.194969
22.130000,-4.589945,5.162930
22.140000,-4.558127,5.130555
22.150000,-4.525706,5.097562
22.160000,-4.493345,5.064624
22.170000,-4.461443,5.032147
22.180000,-4.429468,4.999596
22.190000,-4.397555,4.967103
22.200000,-4.365637,4.934595
22.210000,-4.333914,4.902267
22.220000,-4.301524,4.869272
22.230000,-4.268998,4.836133
22.240000,-4.236269,4.802777
22.250000,-4.203603,4.769486
22.260000,-4.171134,4.736391
22.270000,-4.138330,4.702949
22.280000,-4.105656,4.669637
22.290000,-4.073181,4.636514
22.300000,-4.040106,4.602778
22.310000,-4.007097,4.569110
22.320000,-3.974552,4.535910
22.330000,-3.941874,4.502570
22.340000,-3.908265,4.468283
22.350000,-3.875254,4.434600
22.360000,-3.842242,4.400917
22.370000,-3.809828,4.367843
22.380000,-3.777348,4.334700
22.390000,-3.744934,4.301625
22.400000,-3.712321,4.268345
22.410000,-3.678911,4.234252
22.420000,-3.644837,4.199481
22.430000,-3.611493,4.165455
22.440000,-3.578615,4.131902
22.450000,-3.545737,4.098349
22.460000,-3.512262,4.064185
22.470000,-3.478455,4.029681
22.480000,-3.444980,3.995518
22.490000,-3.411307,3.961151
22.500000,-3.376704,3.925839
22.510000,-3.342235,3.890666
22.520000,-3.308562,3.856304
22.530000,-3.275288,3.822348
22.540000,-3.241948,3.788328
22.550000,-3.208209,3.753902
22.560000,-3.174536,3.719541
22.570000,-3.140864,3.685183
22.580000,-3.106726,3.650350
22.590000,-3.072722,3.615654
22.600000,-3.039314,3.581570
22.610000,-3.006704,3.548300
22.620000,-2.974225,3.515161
22.630000,-2.940750,3.481010
22.640000,-2.907275,3.446857
22.650000,-2.873799,3.412702
22.660000,-2.839858,3.378074
22.670000,-2.806382,3.343918
22.680000,-2.773104,3.309963
22.690000,-2.740225,3.276416
22.700000,-2.707413,3.242935
22.710000,-2.674201,3.209046
22.720000,-2.640658,3.174816
22.730000,-2.607048,3.140517
22.740000,-2.573306,3.106081
22.750000,-2.540162,3.072255
22.760000,-2.507617,3.039035
22.770000,-2.475006,3.005745
22.780000,-2.442197,2.972249
22.790000,-2.408858,2.938210
22.800000,-2.375521,2.904170
22.810000,-2.342717,2.870668
22.820000,-2.309649,2.836892
22.830000,-2.276718,2.803252
22.840000,-2.243590,2.769403
22.850000,-2.210665,2.735760
22.860000,-2.178009,2.702372
22.870000,-2.145027,2.668656
22.880000,-2.112316,2.635207
22.890000,-2.079145,2.601279
22.900000,-2.045916,2.567284
22.910000,-2.012494,2.533089
22.920000,-1.978946,2.498778
22.930000,-1.945273,2.464328
22.940000,-1.911938,2.430222
22.950000,-1.878942,2.396459
22.960000,-1.845488,2.362265
22.970000,-1.812238,2.328269
22.980000,-1.778530,2.293811
22.990000,-1.744362,2.258902
23.000000,-1.709867,2.223673
23.010000,-1.675838,2.188915
23.020000,-1.642607,2.154965
23.030000,-1.609378,2.121041
23.040000,-1.576348,2.087336
23.050000,-1.543121,2.053425
23.060000,-1.510027,2.019632
23.070000,-1.476537,1.985464
23.080000,-1.443112,1.951360
23.090000,-1.409887,1.917462
23.100000,-1.377390,1.884286
23.110000,-1.344827,1.851058
23.120000,-1.312662,1.818248
23.130000,-1.280100,1.785007
23.140000,-1.247539,1.751767
23.150000,-1.215244,1.718798
23.160000,-1.182950,1.685830
23.170000,-1.150791,1.652998
23.180000,-1.118898,1.620407
23.190000,-1.087077,1.587876
23.200000,-1.055193,1.555309
23.210000,-1.023643,1.523066
23.220000,-0.991834,1.490548
23.230000,-0.960095,1.458105
23.240000,-0.928229,1.425522
23.250000,-0.896368,1.392970
23.260000,-0.864776,1.360663
23.270000,-0.833256,1.328430
23.280000,-0.801941,1.296392
23.290000,-0.770764,1.264508
23.300000,-0.739330,1.232343
23.310000,-0.707375,1.199657
23.320000,-0.675691,1.167237
23.330000,-0.643882,1.134702
23.340000,-0.612345,1.102441
23.350000,-0.581342,1.070724
23.360000,-0.550741,1.039431
23.370000,-0.520147,1.008142
23.380000,-0.488963,0.976302
23.390000,-0.457650,0.944320
23.400000,-0.426472,0.912482
23.410000,-0.395560,0.880932
23.420000,-0.364648,0.849405
23.430000,-0.333802,0.817949
23.440000,-0.303350,0.786895
23.450000,-0.272237,0.755188
23.460000,-0.240923,0.723295
23.470000,-0.210264,0.692072
23.480000,-0.179932,0.661160
23.490000,-0.149861,0.630538
23.500000,-0.120114,0.600251
23.510000,-0.091024,0.570619
23.520000,-0.062458,0.541521
23.530000,-0.034417,0.512938
23.540000,-0.009800,0.485205
23.550000,-0.009800,0.459136
23.560000,-0.009800,0.435757
23.570000,-0.009800,0.413126
23.580000,-0.009800,0.391636
23.590000,-0.009800,0.370887
23.600000,-0.009800,0.352024
23.610000,-0.009800,0.335467
23.620000,-0.009800,0.320243
23.630000,-0.009800,0.305632
23.640000,-0.009800,0.292620
23.650000,-0.009800,0.282178
23.660000,-0.009800,0.273497
23.670000,-0.009800,0.265205
23.680000,-0.009800,0.257180
23.690000,-0.009800,0.249878
23.700000,-0.009800,0.244267
23.710000,-0.009800,0.240338
23.720000,-0.009800,0.237680
23.730000,-0.009800,0.235357
23.740000,-0.009800,0.233020
23.750000,-0.009800,0.231153
23.760000,-0.009800,0.229817
23.770000,-0.009800,0.228949
23.780000,-0.009800,0.228417
23.790000,-0.009800,0.227950
23.800000,-0.009800,0.227819
23.810000,-0.009800,0.227889
23.820000,-0.009800,0.227823
23.830000,-0.009800,0.227823
23.840000,-0.009800,0.227553
23.850000,-0.009800,0.227347
23.860000,-0.009800,0.227212
23.870000,-0.009800,0.227011
23.880000,-0.009800,0.226610
23.890000,-0.009800,0.226343
23.900000,-0.009800,0.225942
23.910000,-0.009800,0.225475
23.920000,-0.009800,0.225073
23.930000,-0.009800,0.224807
23.940000,-0.009800,0.224405
23.950000,-0.009800,0.224003
23.960000,-0.009800,0.223602
23.970000,-0.009800,0.223331
23.980000,-0.009800,0.222995
23.990000,-0.009800,0.222789
24.000000,-0.009800,0.222589
24.010000,-0.009800,0.222388
24.020000,-0.009800,0.222252
24.030000,-0.009800,0.222187
24.040000,-0.009800,0.222187
24.050000,-0.009800,0.222056
24.060000,-0.009800,0.221855
24.070000,-0.009800,0.221855
24.080000,-0.009800,0.221724
24.090000,-0.009800,0.221523
24.100000,-0.009800,0.221322
24.110000,-0.009800,0.221257
24.120000,-0.009800,0.221056
24.130000,-0.009800,0.220789
24.140000,-0.009800,0.220388
24.150000,-0.009800,0.219916
24.160000,-0.009800,0.219650
24.170000,-0.009800,0.219383
24.180000,-0.009800,0.218981
24.190000,-0.009800,0.218444
24.200000,-0.009800,0.217771
24.210000,-0.009800,0.217164
24.220000,-0.009800,0.216627
24.230000,-0.009800,0.216160
24.240000,-0.009800,0.215627
24.250000,-0.009800,0.215024
24.260000,-0.009800,0.214421
24.270000,-0.009800,0.213818
24.280000,-0.009800,0.213215
24.290000,-0.009800,0.212546
24.300000,-0.009800,0.211943
24.310000,-0.009800,0.211340
24.320000,-0.009800,0.210807
24.330000,-0.009800,0.210203
24.340000,-0.009800,0.209600
24.350000,-0.009800,0.209001
24.360000,-0.009800,0.208332
24.370000,-0.009800,0.207733
24.380000,-0.009800,0.207199
24.390000,-0.009800,0.206801
24.400000,-0.009800,0.206399
24.410000,-0.009800,0.206062
24.420000,-0.009800,0.205590
24.430000,-0.009800,0.205188
24.440000,-0.009800,0.204720
24.450000,-0.009800,0.204387
24.460000,-0.009800,0.204120
24.470000,-0.009800,0.203853
24.480000,-0.009800,0.203517
24.490000,-0.009800,0.203045
24.500000,-0.009800,0.202642
24.510000,-0.009800,0.202306
24.520000,-0.009800,0.201903
24.530000,-0.009800,0.201501
24.540000,-0.009800,0.201168
24.550000,-0.009800,0.200835
24.560000,-0.009800,0.200367
24.570000,-0.009800,0.199829
24.580000,-0.009800,0.199295
24.590000,-0.009800,0.198962
24.600000,-0.009800,0.198629
24.610000,-0.009800,0.198095
24.620000,-0.009800,0.197561
24.630000,-0.009800,0.196891
24.640000,-0.009800,0.196426
24.650000,-0.009800,0.195826
24.660000,-0.009800,0.195156
24.670000,-0.009800,0.194555
24.680000,-0.009800,0.193955
24.690000,-0.009800,0.193354
24.700000,-0.009800,0.192753
24.710000,-0.009800,0.191951
24.720000,-0.009800,0.191080
24.730000,-0.009800,0.190479
24.740000,-0.009800,0.189947
24.750000,-0.009800,0.189211
24.760000,-0.009800,0.188474
24.770000,-0.009800,0.187737
24.780000,-0.009800,0.187067
24.790000,-0.009800,0.186465
24.800000,-0.009800,0.185794
24.810000,-0.009800,0.185058
24.820000,-0.009800,0.184185
24.830000,-0.009800,0.183451
24.840000,-0.009800,0.182849
24.850000,-0.009800,0.182314
24.860000,-0.009800,0.181573
24.870000,-0.009800,0.180631
24.880000,-0.009800,0.179689
24.890000,-0.009800,0.178885
24.900000,-0.009800,0.178419
24.910000,-0.009800,0.177952
24.920000,-0.009800,0.176946
24.930000,-0.009800,0.175868
24.940000,-0.009800,0.175335
24.950000,-0.009800,0.174736
24.960000,-0.009800,0.173929
24.970000,-0.009800,0.173121
24.980000,-0.009800,0.172516
24.990000,-0.009800,0.171910
25.000000,-0.009800,0.171034
25.010000,-0.009800,0.170157
25.020000,-0.009800,0.169687
25.030000,-0.009800,0.169217
25.040000,-0.009800,0.168476
25.050000,-0.009800,0.167668
25.060000,-0.009800,0.166996
25.070000,-0.009800,0.166258
25.080000,-0.009800,0.165655
25.090000,-0.009800,0.165120
25.100000,-0.009800,0.164382
25.110000,-0.009800,0.163712
25.120000,-0.009800,0.163042
25.130000,-0.009800,0.162372
25.140000,-0.009800,0.161699
25.150000,-0.009800,0.161029
25.160000,-0.009800,0.160425
25.170000,-0.009800,0.159755
25.180000,-0.009800,0.159015
25.190000,-0.009800,0.158276
25.200000,-0.009800,0.157674
25.210000,-0.009800,0.157006
25.220000,-0.009800,0.156335
25.230000,-0.009800,0.155666
25.240000,-0.009800,0.154995
25.250000,-0.009800,0.154392
25.260000,-0.009800,0.153788
25.270000,-0.009800,0.153252
25.280000,-0.009800,0.152782
25.290000,-0.009800,0.152111
25.300000,-0.009800,0.151573
25.310000,-0.009800,0.150966
25.320000,-0.009800,0.150428
25.330000,-0.009800,0.149889
25.340000,-0.009800,0.149351
25.350000,-0.009800,0.148744
25.360000,-0.009800,0.148003
25.370000,-0.009800,0.147331
25.380000,-0.009800,0.146726
25.390000,-0.009800,0.146053
25.400000,-0.009800,0.145314
25.410000,-0.009800,0.144574
25.420000,-0.009800,0.143902
25.430000,-0.009800,0.143162
25.440000,-0.009800,0.142285
25.450000,-0.009800,0.141545
25.460000,-0.009800,0.140803
25.470000,-0.009800,0.140197
25.480000,-0.009800,0.139455
25.490000,-0.009800,0.138645
25.500000,-0.009800,0.137835
25.510000,-0.009800,0.137228
25.520000,-0.009800,0.136419
25.530000,-0.009800,0.135813
25.540000,-0.009800,0.135139
25.550000,-0.009800,0.134397
25.560000,-0.009800,0.133723
25.570000,-0.009800,0.132982
25.580000,-0.009800,0.132036
25.590000,-0.009800,0.131295
25.600000,-0.009800,0.130418
25.610000,-0.009800,0.129676
25.620000,-0.009800,0.128866
25.630000,-0.009800,0.128056
25.640000,-0.009800,0.127177
25.650000,-0.009800,0.126230
25.660000,-0.009800,0.125351
25.670000,-0.009800,0.124539
25.680000,-0.009800,0.123728
25.690000,-0.009800,0.122916
25.700000,-0.009800,0.121969
25.710000,-0.009800,0.120887
25.720000,-0.009800,0.119939
25.730000,-0.009800,0.118925
25.740000,-0.009800,0.118046
25.750000,-0.009800,0.117166
25.760000,-0.009800,0.116152
25.770000,-0.009800,0.115002
25.780000,-0.009800,0.113853
25.790000,-0.009800,0.112906
25.800000,-0.009800,0.111823
25.810000,-0.009800,0.110740
25.820000,-0.009800,0.109657
25.830000,-0.009800,0.108574
25.840000,-0.009800,0.107424
25.850000,-0.009800,0.106205
25.860000,-0.009800,0.105054
25.870000,-0.009800,0.104039
25.880000,-0.009800,0.103023
25.890000,-0.009800,0.101736
25.900000,-0.009800,0.100041
25.910000,-0.009800,0.098279
25.920000,-0.009800,0.097600
25.930000,-0.009800,0.097668
25.940000,-0.009800,0.097330
25.950000,-0.009800,0.095567
25.960000,-0.009800,0.094482
25.970000,-0.009800,0.094414
25.980000,-0.009800,0.095090
25.990000,-0.009800,0.095564
26.000000,-0.009800,0.095496
26.010000,-0.009800,0.095090
26.020000,-0.009800,0.095023
26.030000,-0.009800,0.095227
26.040000,-0.009800,0.095227
26.050000,-0.009800,0.095160
26.060000,-0.009800,0.094956
26.070000,-0.009800,0.094888
26.080000,-0.009800,0.094888
26.090000,-0.009800,0.094820
26.100000,-0.009800,0.094617
26.110000,-0.009800,0.094481
26.120000,-0.009800,0.094413
26.130000,-0.009800,0.094413
26.140000,-0.009800,0.094413
26.150000,-0.009800,0.094413
26.160000,-0.009800,0.094413
26.170000,-0.009800,0.094278
26.180000,-0.009800,0.094143
26.190000,-0.009800,0.094143
26.200000,-0.009800,0.094075
26.210000,-0.009800,0.093872
26.220000,-0.009800,0.093600
26.230000,-0.009800,0.093329
26.240000,-0.009800,0.093126
26.250000,-0.009800,0.092922
26.260000,-0.009800,0.092787
26.270000,-0.009800,0.092448
26.280000,-0.009800,0.092380
26.290000,-0.009800,0.092650
26.300000,-0.009800,0.093055
26.310000,-0.009800,0.093055
26.320000,-0.009800,0.092919
26.330000,-0.009800,0.092919
26.340000,-0.009800,0.092919
26.350000,-0.009800,0.092920
26.360000,-0.009800,0.092852
26.370000,-0.009800,0.092717
26.380000,-0.009800,0.092581
26.390000,-0.009800,0.092241
26.400000,-0.009800,0.091970
26.410000,-0.009800,0.091630
26.420000,-0.009800,0.091156
26.430000,-0.009800,0.091021
26.440000,-0.009800,0.090885
26.450000,-0.009800,0.090885
26.460000,-0.009800,0.090885
26.470000,-0.009800,0.090885
26.480000,-0.009800,0.090885
26.490000,-0.009800,0.090885
26.500000,-0.009800,0.090885
26.510000,-0.009800,0.090885
26.520000,-0.009800,0.090885
26.530000,-0.009800,0.090885
26.540000,-0.009800,0.090885
26.550000,-0.009800,0.090885
26.560000,-0.009800,0.090885
26.570000,-0.009800,0.090817
26.580000,-0.009800,0.090750
26.590000,-0.009800,0.090750
26.600000,-0.009800,0.090614
26.610000,-0.009800,0.090410
26.620000,-0.009800,0.090207
26.630000,-0.009800,0.090003
26.640000,-0.009800,0.089800
26.650000,-0.009800,0.089663
26.660000,-0.009800,0.089459
26.670000,-0.009800,0.089186
26.680000,-0.009800,0.089049
26.690000,-0.009800,0.089117
26.700000,-0.009800,0.089184
26.710000,-0.009800,0.089184
26.720000,-0.009800,0.088912
26.730000,-0.009800,0.088573
26.740000,-0.009800,0.088302
26.750000,-0.009800,0.088234
26.760000,-0.009800,0.088234
26.770000,-0.009800,0.088234
26.780000,-0.009800,0.088234
26.790000,-0.009800,0.088234
26.800000,-0.009800,0.088302
26.810000,-0.009800,0.088302
26.820000,-0.009800,0.088302
26.830000,-0.009800,0.088302
26.840000,-0.009800,0.088302
26.850000,-0.009800,0.088302
26.860000,-0.009800,0.088302
26.870000,-0.009800,0.088302
26.880000,-0.009800,0.088302
26.890000,-0.009800,0.088302
26.900000,-0.009800,0.088302
26.910000,-0.009800,0.088167
26.920000,-0.009800,0.087625
26.930000,-0.009800,0.087151
26.940000,-0.009800,0.086676
26.950000,-0.009800,0.086134
26.960000,-0.009800,0.085456
26.970000,-0.009800,0.084507
26.980000,-0.009800,0.083490
26.990000,-0.009800,0.082473
27.000000,-0.009800,0.081524
27.010000,-0.009800,0.080236
27.020000,-0.009800,0.078880
27.030000,-0.009800,0.077455
27.040000,-0.009800,0.076099
27.050000,-0.009800,0.075014
27.060000,-0.009800,0.073928
27.070000,-0.009800,0.072436
27.080000,-0.009800,0.070673
27.090000,-0.009800,0.068774
27.100000,-0.009800,0.067077
27.110000,-0.009800,0.065652
27.120000,-0.009800,0.064363
27.130000,-0.009800,0.063074
27.140000,-0.009800,0.061446
27.150000,-0.009800,0.059546
27.160000,-0.009800,0.057443
27.170000,-0.009800,0.055814
27.180000,-0.009800,0.054593
27.190000,-0.009800,0.053712
27.200000,-0.009800,0.052762
27.210000,-0.009800,0.051542
27.220000,-0.009800,0.050254
27.230000,-0.009800,0.049034
27.240000,-0.009800,0.047949
27.250000,-0.009800,0.047407
27.260000,-0.009800,0.047272
27.270000,-0.009800,0.046933
27.280000,-0.009800,0.045850
27.290000,-0.009800,0.044700
27.300000,-0.009800,0.043752
27.310000,-0.009800,0.042939
27.320000,-0.009800,0.042194
27.330000,-0.009800,0.041719
27.340000,-0.009800,0.041312
27.350000,-0.009800,0.040431
27.360000,-0.009800,0.038804
27.370000,-0.009800,0.037719
27.380000,-0.009800,0.036908
27.390000,-0.009800,0.036297
27.400000,-0.009800,0.035890
27.410000,-0.009800,0.035889
27.420000,-0.009800,0.035888
27.430000,-0.009800,0.035885
27.440000,-0.009800,0.035680
27.450000,-0.009800,0.035202
27.460000,-0.009800,0.034387
27.470000,-0.009800,0.033845
27.480000,-0.009800,0.033775
27.490000,-0.009800,0.033707
27.500000,-0.009800,0.033368
27.510000,-0.009800,0.032892
27.520000,-0.009800,0.032347
27.530000,-0.009800,0.031535
27.540000,-0.009800,0.030790
27.550000,-0.009800,0.030249
27.560000,-0.009800,0.029909
27.570000,-0.009800,0.029570
27.580000,-0.009800,0.029298
27.590000,-0.009800,0.029094
27.600000,-0.009800,0.028890
27.610000,-0.009800,0.028822
27.620000,-0.009800,0.028822
27.630000,-0.009800,0.028822
27.640000,-0.009800,0.028755
27.650000,-0.009800,0.028416
27.660000,-0.009800,0.028077
27.670000,-0.009800,0.027806
27.680000,-0.009800,0.027669
27.690000,-0.009800,0.027330
27.700000,-0.009800,0.026786
27.710000,-0.009800,0.026175
27.720000,-0.009800,0.025700
27.730000,-0.009800,0.025225
27.740000,-0.009800,0.024817
27.750000,-0.009800,0.024342
27.760000,-0.009800,0.023934
27.770000,-0.009800,0.023459
27.780000,-0.009800,0.022984
27.790000,-0.009800,0.022644
27.800000,-0.009800,0.022441
27.810000,-0.009800,0.022305
27.820000,-0.009800,0.022101
27.830000,-0.009800,0.021897
27.840000,-0.009800,0.021762
27.850000,-0.009800,0.021762
27.860000,-0.009800,0.021762
27.870000,-0.009800,0.021762
27.880000,-0.009800,0.021762
27.890000,-0.009800,0.021762
27.900000,-0.009800,0.021762
27.910000,-0.009800,0.021693
27.920000,-0.009800,0.021693
27.930000,-0.009800,0.021693
27.940000,-0.009800,0.021693
27.950000,-0.009800,0.021626
27.960000,-0.009800,0.021287
27.970000,-0.009800,0.020811
27.980000,-0.009800,0.020608
27.990000,-0.009800,0.020471
28.000000,-0.009800,0.020131
28.010000,-0.009800,0.019587
28.020000,-0.009800,0.019110
28.030000,-0.009800,0.018364
28.040000,-0.009800,0.017210
28.050000,-0.009800,0.016191
28.060000,-0.009800,0.015241
28.070000,-0.009800,0.014154
28.080000,-0.009800,0.013067
28.090000,-0.009800,0.011981
28.100000,-0.009800,0.010692
28.110000,-0.009800,0.010000
28.120000,-0.009800,0.010000
28.130000,-0.009800,0.010000
28.140000,-0.009800,0.010000
28.150000,-0.009800,0.010000
28.160000,-0.009800,0.010000
28.170000,-0.009800,0.010000
28.180000,-0.009800,0.010000
28.190000,-0.009800,0.010000
28.200000,-0.009800,0.010000
28.210000,-0.009800,0.010000
28.220000,-0.009800,0.010000
28.230000,-0.009800,0.010000
28.240000,-0.009795,0.010000
28.250000,-0.009776,0.010000
28.260000,-0.009759,0.010000
28.270000,-0.009743,0.010000
28.280000,-0.009727,0.010000
28.290000,-0.009711,0.010000
28.300000,-0.009696,0.010000
28.310000,-0.009684,0.010000
28.320000,-0.009670,0.010000
28.330000,-0.009655,0.010000
28.340000,-0.009640,0.010000
28.350000,-0.009626,0.010000
28.360000,-0.009614,0.010000
28.370000,-0.009602,0.010000
28.380000,-0.009592,0.010000
28.390000,-0.009583,0.010000
28.400000,-0.009574,0.010000
28.410000,-0.009562,0.010000
28.420000,-0.009550,0.010000
28.430000,-0.009539,0.010000
28.440000,-0.009531,0.010000
28.450000,-0.009526,0.010000
28.460000,-0.009519,0.010000
28.470000,-0.009510,0.010000
28.480000,-0.009497,0.010000
28.490000,-0.009485,0.010000
28.500000,-0.009479,0.010000
28.510000,-0.009475,0.010000
28.520000,-0.009469,0.010000
28.530000,-0.009462,0.010000
28.540000,-0.009452,0.010000
28.550000,-0.009441,0.010000
28.560000,-0.009430,0.010000
28.570000,-0.009419,0.010000
28.580000,-0.009410,0.010000
28.590000,-0.009403,0.010000
28.600000,-0.009399,0.010000
28.610000,-0.009394,0.010000
28.620000,-0.009389,0.010000
28.630000,-0.009383,0.010000
28.640000,-0.009379,0.010000
28.650000,-0.009378,0.010000
28.660000,-0.009377,0.010000
28.670000,-0.009377,0.010000
28.680000,-0.009375,0.010000
28.690000,-0.009373,0.010000
28.700000,-0.009371,0.010000
28.710000,-0.009367,0.010000
28.720000,-0.009365,0.010000
28.730000,-0.009363,0.010000
28.740000,-0.009360,0.010000
28.750000,-0.009356,0.010000
28.760000,-0.009353,0.010000
28.770000,-0.009350,0.010000
28.780000,-0.009346,0.010000
28.790000,-0.009342,0.010000
28.800000,-0.009339,0.010000
28.810000,-0.009336,0.010000
28.820000,-0.009332,0.010000
28.830000,-0.009328,0.010000
28.840000,-0.009326,0.010000
28.850000,-0.009323,0.010000
28.860000,-0.009319,0.010000
28.870000,-0.009315,0.010000
28.880000,-0.009311,0.010000
28.890000,-0.009308,0.010000
28.900000,-0.009305,0.010000
28.910000,-0.009302,0.010000
28.920000,-0.009299,0.010000
28.930000,-0.009295,0.010000
28.940000,-0.009291,0.010000
28.950000,-0.009288,0.010000
28.960000,-0.009285,0.010000
28.970000,-0.009284,0.010000
28.980000,-0.009281,0.010000
28.990000,-0.009278,0.010000
29.000000,-0.009274,0.010000
29.010000,-0.009273,0.010000
29.020000,-0.009271,0.010000
29.030000,-0.009269,0.010000
29.040000,-0.009266,0.010000
29.050000,-0.009263,0.010000
29.060000,-0.009261,0.010000
29.070000,-0.009258,0.010000
29.080000,-0.009255,0.010000
29.090000,-0.009252,0.010000
29.100000,-0.009250,0.010000
29.110000,-0.009247,0.010000
29.120000,-0.009244,0.010000
29.130000,-0.009239,0.010000
29.140000,-0.009234,0.010000
29.150000,-0.009230,0.010000
29.160000,-0.009228,0.010000
29.170000,-0.009222,0.010000
29.180000,-0.009215,0.010000
29.190000,-0.009208,0.010000
29.200000,-0.009202,0.010000
29.210000,-0.009195,0.010000
29.220000,-0.009189,0.010000
29.230000,-0.009182,0.010000
29.240000,-0.009172,0.010000
29.250000,-0.009163,0.010000
29.260000,-0.009156,0.010000
29.270000,-0.009149,0.010000
29.280000,-0.009140,0.010000
29.290000,-0.009133,0.010000
29.300000,-0.009125,0.010000
29.310000,-0.009117,0.010000
29.320000,-0.009109,0.010000
29.330000,-0.009104,0.010000
29.340000,-0.009098,0.010000
29.350000,-0.009093,0.010000
29.360000,-0.009086,0.010000
29.370000,-0.009079,0.010000
29.380000,-0.009073,0.010000
29.390000,-0.009070,0.010000
29.400000,-0.009065,0.010000
29.410000,-0.009058,0.010000
29.420000,-0.009052,0.010000
29.430000,-0.009046,0.010000
29.440000,-0.009043,0.010000
29.450000,-0.009039,0.010000
29.460000,-0.009034,0.010000
29.470000,-0.009026,0.010000
29.480000,-0.009019,0.010000
29.490000,-0.009014,0.010000
29.500000,-0.009011,0.010000
29.510000,-0.009004,0.010000
29.520000,-0.008997,0.010000
29.530000,-0.008991,0.010000
29.540000,-0.008981,0.010000
29.550000,-0.008973,0.010000
29.560000,-0.008967,0.010000
29.570000,-0.008961,0.010000
29.580000,-0.008952,0.010000
29.590000,-0.008945,0.010000
29.600000,-0.008937,0.010000
29.610000,-0.008928,0.010000
29.620000,-0.008921,0.010000
29.630000,-0.008915,0.010000
29.640000,-0.008907,0.010000
29.650000,-0.008900,0.010000
29.660000,-0.008893,0.010000
29.670000,-0.008886,0.010000
29.680000,-0.008877,0.010000
29.690000,-0.008870,0.010000
29.700000,-0.008865,0.010000
29.710000,-0.008859,0.010000
29.720000,-0.008852,0.010000
29.730000,-0.008845,0.010000
29.740000,-0.008837,0.010000
29.750000,-0.008830,0.010000
29.760000,-0.008823,0.010000
29.770000,-0.008817,0.010000
29.780000,-0.008810,0.010000
29.790000,-0.008803,0.010000
29.800000,-0.008796,0.010000
29.810000,-0.008789,0.010000
29.820000,-0.008782,0.010000
29.830000,-0.008776,0.010000
29.840000,-0.008769,0.010000
29.850000,-0.008763,0.010000
29.860000,-0.008756,0.010000
29.870000,-0.008749,0.010000
29.880000,-0.008742,0.010000
29.890000,-0.008735,0.010000
29.900000,-0.008728,0.010000
29.910000,-0.008722,0.010000
29.920000,-0.008715,0.010000
29.930000,-0.008707,0.010000
29.940000,-0.008699,0.010000
29.950000,-0.008690,0.010000
29.960000,-0.008682,0.010000
29.970000,-0.008675,0.010000
29.980000,-0.008667,0.010000
29.990000,-0.008659,0.010000
