16979.000000
20052.000000
19636.000000
17343.000000
17552.000000
17395.000000
18125.000000
18281.000000
17396.000000
17135.000000
18854.000000
18021.000000
17344.000000
20417.000000
18698.000000
17396.000000
17812.000000
17396.000000
18958.000000
17135.000000
17240.000000
17500.000000
18490.000000
17500.000000
17187.000000
17187.000000
17396.000000
18438.000000
17396.000000
17240.000000
17865.000000
17240.000000
17239.000000
17552.000000
17396.000000
17447.000000
18073.000000
17448.000000
18125.000000
17083.000000
17291.000000
17448.000000
17656.000000
17500.000000
17343.000000
17031.000000
18072.000000
17864.000000
17292.000000
17188.000000
17500.000000
17187.000000
17240.000000
17188.000000
18489.000000
17239.000000
17136.000000
17188.000000
17552.000000
17292.000000
17240.000000
17136.000000
17552.000000
17708.000000
17031.000000
17083.000000
17552.000000
17500.000000
17239.000000
17240.000000
18385.000000
17240.000000
17292.000000
17344.000000
17552.000000
17396.000000
17240.000000
17656.000000
17396.000000
17969.000000
17396.000000
17240.000000
17604.000000
17396.000000
17239.000000
17188.000000
18021.000000
17031.000000
17187.000000
17135.000000
17448.000000
17240.000000
17136.000000
17864.000000
17708.000000
17188.000000
17187.000000
16979.000000
17605.000000
17344.000000
17864.000000
17291.000000
17448.000000
17135.000000
17135.000000
17135.000000
17604.000000
17187.000000
17343.000000
17813.000000
17344.000000
17240.000000
17031.000000
17136.000000
17552.000000
17240.000000
18073.000000
17083.000000
18438.000000
17552.000000
17291.000000
17292.000000
17448.000000
17708.000000
17605.000000
17240.000000
17344.000000
17343.000000
17136.000000
17344.000000
18125.000000
17240.000000
17292.000000
17292.000000
17500.000000
17083.000000
17032.000000
16979.000000
17396.000000
17761.000000
33333.000000
17239.000000
17656.000000
17083.000000
17083.000000
17344.000000
18333.000000
17135.000000
17240.000000
17240.000000
17552.000000
17240.000000
17187.000000
17760.000000
17344.000000
17917.000000
17292.000000
17239.000000
17292.000000
17240.000000
17135.000000
17292.000000
18282.000000
17239.000000
17292.000000
17135.000000
17447.000000
17292.000000
17188.000000
17760.000000
17448.000000
17396.000000
17500.000000
17188.000000
17657.000000
17135.000000
17448.000000
17188.000000
18958.000000
17344.000000
17083.000000
17188.000000
17500.000000
17084.000000
17448.000000
17812.000000
17604.000000
18021.000000
17344.000000
17239.000000
17395.000000
17135.000000
17188.000000
17239.000000
18020.000000
17240.000000
17083.000000
17500.000000
17552.000000
17239.000000
17239.000000
17761.000000
17604.000000
17187.000000
17187.000000
17031.000000
17812.000000
17083.000000
17448.000000
18021.000000
18489.000000
17448.000000
17396.000000
17239.000000
17500.000000
17291.000000
17084.000000
17135.000000
17552.000000
18281.000000
18021.000000
37344.000000
35260.000000
36198.000000
35416.000000
34479.000000
34480.000000
34115.000000
35000.000000
33958.000000
34427.000000
41094.000000
34010.000000
34427.000000
34792.000000
35677.000000
34114.000000
34166.000000
36146.000000
34896.000000
34114.000000
33750.000000
45469.000000
43073.000000
34688.000000
34479.000000
35885.000000
33854.000000
33750.000000
33854.000000
35677.000000
33958.000000
33906.000000
35521.000000
30000.000000
29480.000000
29428.000000
31146.000000
29896.000000
29271.000000
28958.000000
30989.000000
29010.000000
30573.000000
30209.000000
30052.000000
30833.000000
30208.000000
29063.000000
29532.000000
31459.000000
29167.000000
29063.000000
30365.000000
29271.000000
30886.000000
31875.000000
29688.000000
29115.000000
30416.000000
29010.000000
29792.000000
29271.000000
28906.000000
29167.000000
30469.000000
29948.000000
36041.000000
36146.000000
35000.000000
34271.000000
34218.000000
35313.000000
34635.000000
34166.000000
35625.000000
36198.000000
35260.000000
34375.000000
39948.000000
34219.000000
34792.000000
34271.000000
36562.000000
33958.000000
34010.000000
35521.000000
36146.000000
34062.000000
34531.000000
37032.000000
34166.000000
34531.000000
34531.000000
36771.000000
33854.000000
35052.000000
34948.000000
39947.000000
37917.000000
34844.000000
34896.000000
34167.000000
35052.000000
34219.000000
34479.000000
34792.000000
33958.000000
34011.000000
34688.000000
36979.000000
34427.000000
34271.000000
37031.000000
35105.000000
34323.000000
34479.000000
38802.000000
41094.000000
34792.000000
34531.000000
37083.000000
36146.000000
38333.000000
38021.000000
35052.000000
35834.000000
36145.000000
34739.000000
35521.000000
35938.000000
36302.000000
98229.000000
31614.000000
31303.000000
31094.000000
31250.000000
31094.000000
30990.000000
32656.000000
33438.000000
31875.000000
31094.000000
31146.000000
31667.000000
29739.000000
32291.000000
30365.000000
30885.000000
31198.000000
30886.000000
31354.000000
31146.000000
30937.000000
31198.000000
30781.000000
30886.000000
31094.000000
31041.000000
38802.000000
33489.000000
32865.000000
30729.000000
31354.000000
31198.000000
31354.000000
31614.000000
31250.000000
31250.000000
31355.000000
31250.000000
30989.000000
31146.000000
32552.000000
34948.000000
31979.000000
32812.000000
31146.000000
30417.000000
31562.000000
31667.000000
30938.000000
58750.000000
31355.000000
31459.000000
31146.000000
31146.000000
31041.000000
32761.000000
32656.000000
36250.000000
31510.000000
33802.000000
30573.000000
31303.000000
31198.000000
31406.000000
30938.000000
29739.000000
30416.000000
30521.000000
29792.000000
29323.000000
30938.000000
29531.000000
29739.000000
29584.000000
29948.000000
29896.000000
31250.000000
30573.000000
63593.000000
30000.000000
33386.000000
29688.000000
29479.000000
30572.000000
34844.000000
370052.000000
31614.000000
30157.000000
33542.000000
29583.000000
29114.000000
29792.000000
29375.000000
29531.000000
29219.000000
30156.000000
29375.000000
30208.000000
30052.000000
29375.000000
29114.000000
29219.000000
29115.000000
29948.000000
29167.000000
29114.000000
29167.000000
29167.000000
29219.000000
29219.000000
29375.000000
29167.000000
29323.000000
29479.000000
29114.000000
29167.000000
28855.000000
29063.000000
29167.000000
29114.000000
28906.000000
28854.000000
30000.000000
29583.000000
29167.000000
29427.000000
29323.000000
29479.000000
31823.000000
29010.000000
30260.000000
36823.000000
34427.000000
34375.000000
34115.000000
39948.000000
34011.000000
33854.000000
34010.000000
33854.000000
33698.000000
34532.000000
34583.000000
34219.000000
34531.000000
33698.000000
34011.000000
33750.000000
33802.000000
33854.000000
33958.000000
33594.000000
33698.000000
34218.000000
33802.000000
33645.000000
33750.000000
33906.000000
33906.000000
33854.000000
34635.000000
33698.000000
33906.000000
34011.000000
29480.000000
29479.000000
29480.000000
29219.000000
28958.000000
29114.000000
29323.000000
29063.000000
29011.000000
29688.000000
29218.000000
29114.000000
29427.000000
29270.000000
29323.000000
29844.000000
29167.000000
28959.000000
29375.000000
29375.000000
29271.000000
29115.000000
29270.000000
28958.000000
29323.000000
29427.000000
29166.000000
29167.000000
30000.000000
30417.000000
29323.000000
29531.000000
34063.000000
34948.000000
34219.000000
34167.000000
33854.000000
33698.000000
33750.000000
34062.000000
33698.000000
33698.000000
33906.000000
33854.000000
34167.000000
34167.000000
33750.000000
33906.000000
34687.000000
33906.000000
34219.000000
33854.000000
33958.000000
34375.000000
34011.000000
34323.000000
33854.000000
33907.000000
34114.000000
34114.000000
33959.000000
33907.000000
33750.000000
33854.000000
35105.000000
29948.000000
29428.000000
29271.000000
29271.000000
29323.000000
29427.000000
29323.000000
29948.000000
29010.000000
28750.000000
29062.000000
29063.000000
29636.000000
29062.000000
29375.000000
29219.000000
29011.000000
28906.000000
29114.000000
28750.000000
29011.000000
32969.000000
29062.000000
29062.000000
29375.000000
29531.000000
29375.000000
28958.000000
28802.000000
29114.000000
29167.000000
29011.000000
30260.000000
35000.000000
35209.000000
34219.000000
33802.000000
33854.000000
33906.000000
33854.000000
34011.000000
33958.000000
33854.000000
33594.000000
34375.000000
34948.000000
34010.000000
33906.000000
33958.000000
40469.000000
40312.000000
34792.000000
34532.000000
34271.000000
34375.000000
34115.000000
37448.000000
34271.000000
34166.000000
34843.000000
38021.000000
30052.000000
29688.000000
29896.000000
30000.000000
29375.000000
29167.000000
29375.000000
29219.000000
29427.000000
29167.000000
29167.000000
28958.000000
29427.000000
29219.000000
29219.000000
29219.000000
29323.000000
29896.000000
29531.000000
29271.000000
29323.000000
29375.000000
29480.000000
29063.000000
28958.000000
28958.000000
30208.000000
29167.000000
29218.000000
29114.000000
29167.000000
29011.000000
88073.000000
35209.000000
38177.000000
34062.000000
71823.000000
34479.000000
38386.000000
33750.000000
33802.000000
34636.000000
33907.000000
33854.000000
34167.000000
34010.000000
35156.000000
34063.000000
35000.000000
33958.000000
33959.000000
34011.000000
33750.000000
34167.000000
34010.000000
35156.000000
33698.000000
34115.000000
34271.000000
34375.000000
34427.000000
33958.000000
33958.000000
34375.000000
34271.000000
34896.000000
30000.000000
29583.000000
29167.000000
29323.000000
29062.000000
29115.000000
29063.000000
29114.000000
29062.000000
28906.000000
28906.000000
28906.000000
29115.000000
29896.000000
29063.000000
30469.000000
29011.000000
29010.000000
29010.000000
28958.000000
29011.000000
30000.000000
29479.000000
29427.000000
29271.000000
28958.000000
29063.000000
28802.000000
28802.000000
28854.000000
28907.000000
28646.000000
30052.000000
35052.000000
34219.000000
34114.000000
34115.000000
33958.000000
33958.000000
33854.000000
33959.000000
33698.000000
34531.000000
34323.000000
34479.000000
40052.000000
34063.000000
33542.000000
34011.000000
33750.000000
34010.000000
34010.000000
34115.000000
34167.000000
33906.000000
34010.000000
33646.000000
34115.000000
33750.000000
34011.000000
33906.000000
34531.000000
34167.000000
34167.000000
36563.000000
35573.000000
30417.000000
29635.000000
29531.000000
29271.000000
29583.000000
29740.000000
29479.000000
29375.000000
29739.000000
29375.000000
29271.000000
29739.000000
29375.000000
29167.000000
29062.000000
28959.000000
29375.000000
29167.000000
29375.000000
29010.000000
29062.000000
29218.000000
29271.000000
30729.000000
29063.000000
29531.000000
29583.000000
29427.000000
29115.000000
29219.000000
29167.000000
29010.000000
29844.000000
35209.000000
34479.000000
34375.000000
38073.000000
34480.000000
33802.000000
33802.000000
34323.000000
33906.000000
34479.000000
33802.000000
34167.000000
34218.000000
34323.000000
34063.000000
33594.000000
34166.000000
34010.000000
34167.000000
33854.000000
34062.000000
33645.000000
33906.000000
34218.000000
35053.000000
34323.000000
34115.000000
34271.000000
34583.000000
33802.000000
33907.000000
37865.000000
35313.000000
30260.000000
29479.000000
29531.000000
29063.000000
28959.000000
29062.000000
29323.000000
29218.000000
29115.000000
29271.000000
29167.000000
29219.000000
29062.000000
29115.000000
29636.000000
28958.000000
28959.000000
29375.000000
29219.000000
29271.000000
32813.000000
29063.000000
28854.000000
29062.000000
28959.000000
29011.000000
29010.000000
28802.000000
29010.000000
29739.000000
29114.000000
29010.000000
30468.000000
35312.000000
34114.000000
34219.000000
34219.000000
33907.000000
33906.000000
34271.000000
34219.000000
33906.000000
33854.000000
33906.000000
33854.000000
33959.000000
35729.000000
34063.000000
33646.000000
34375.000000
34115.000000
34531.000000
34011.000000
33646.000000
33750.000000
34115.000000
33855.000000
34271.000000
33750.000000
34375.000000
34166.000000
33907.000000
33958.000000
34166.000000
34167.000000
35104.000000
34114.000000
33750.000000
33906.000000
34428.000000
34532.000000
34115.000000
34635.000000
34271.000000
33645.000000
34115.000000
34062.000000
33959.000000
33906.000000
34271.000000
33906.000000
33698.000000
34323.000000
33750.000000
33907.000000
33802.000000
34584.000000
34062.000000
33958.000000
34791.000000
33854.000000
33802.000000
33958.000000
36198.000000
33958.000000
33698.000000
33646.000000
33958.000000
34063.000000
34688.000000
34010.000000
33750.000000
34010.000000
33437.000000
33750.000000
35000.000000
34010.000000
34323.000000
34739.000000
34427.000000
33854.000000
34219.000000
34166.000000
34010.000000
33698.000000
33958.000000
33593.000000
33750.000000
33802.000000
33854.000000
33906.000000
33646.000000
34531.000000
33698.000000
34375.000000
33646.000000
40625.000000
34375.000000
33855.000000
33698.000000
33802.000000
33906.000000
33958.000000
33854.000000
33906.000000
34115.000000
33802.000000
33854.000000
33802.000000
34218.000000
33854.000000
34063.000000
33958.000000
34219.000000
35885.000000
34115.000000
34687.000000
33907.000000
34428.000000
34271.000000
34271.000000
33907.000000
33854.000000
33906.000000
33854.000000
34167.000000
33646.000000
33907.000000
33803.000000
