1185573.000000
1176927.000000
2305885.000000
2310260.000000
1184740.000000
1178437.000000
1173698.000000
1175000.000000
1180313.000000
1174427.000000
1175417.000000
1189740.000000
1175365.000000
1175625.000000
1174792.000000
1176979.000000
1173542.000000
1173697.000000
1191146.000000
1174896.000000
1172865.000000
1212083.000000
1195208.000000
1195885.000000
1202812.000000
1194114.000000
1200260.000000
1200052.000000
1194219.000000
1220052.000000
1210833.000000
1201146.000000
1209375.000000
1214063.000000
1206042.000000
1194896.000000
1199479.000000
1193386.000000
1203698.000000
1201927.000000
1207657.000000
1202448.000000
1321875.000000
1195469.000000
1214479.000000
1213021.000000
1208229.000000
1225000.000000
1211927.000000
1203698.000000
1209323.000000
1201979.000000
1201719.000000
1211198.000000
1210364.000000
1264635.000000
1197083.000000
1201719.000000
1200468.000000
1217239.000000
1211198.000000
1215989.000000
1202291.000000
1204792.000000
1221667.000000
1202135.000000
1206927.000000
1202239.000000
1216510.000000
1206823.000000
1210938.000000
1200573.000000
1207135.000000
1218385.000000
1200781.000000
1221615.000000
1200625.000000
1201250.000000
1195156.000000
1193177.000000
1201042.000000
1202656.000000
1210730.000000
1222604.000000
1201406.000000
1207448.000000
1240156.000000
1201823.000000
1195209.000000
1203438.000000
1202709.000000
1200937.000000
1201094.000000
1194375.000000
1227083.000000
1201458.000000
1214219.000000
1207813.000000
1210938.000000
1209375.000000
1208906.000000
1201927.000000
1208907.000000
1208073.000000
1207708.000000
1207969.000000
1208542.000000
1194739.000000
1201979.000000
1211355.000000
1218333.000000
1195938.000000
1242813.000000
1197135.000000
1198698.000000
1194531.000000
1200312.000000
1202343.000000
1199010.000000
1194479.000000
1195261.000000
1206718.000000
1200364.000000
1177760.000000
1175104.000000
1175052.000000
1199480.000000
1208958.000000
1194635.000000
1229635.000000
1196406.000000
1195365.000000
1196667.000000
1195468.000000
1195572.000000
1210521.000000
1193542.000000
1199010.000000
1217448.000000
1195521.000000
1194583.000000
1200833.000000
1194583.000000
1192761.000000
1194479.000000
1202813.000000
1195260.000000
1193594.000000
1220782.000000
1194844.000000
1195521.000000
1194688.000000
1194687.000000
1195313.000000
1200208.000000
1193333.000000
1196562.000000
1194375.000000
1201302.000000
1198125.000000
1193489.000000
1195834.000000
1194010.000000
1194948.000000
1194531.000000
1201615.000000
1196615.000000
1194011.000000
1200156.000000
1227240.000000
1197604.000000
1196302.000000
1194584.000000
1231250.000000
1214323.000000
1210208.000000
1194531.000000
1194219.000000
1195000.000000
1196145.000000
1193854.000000
1192865.000000
1202187.000000
1193802.000000
1195105.000000
1193802.000000
1216093.000000
1198854.000000
1193229.000000
1197188.000000
1194480.000000
1195833.000000
1195365.000000
1199636.000000
1201823.000000
1211615.000000
1208385.000000
1304583.000000
1500209.000000
1487136.000000
1482709.000000
1488021.000000
1485156.000000
1486250.000000
1486406.000000
1541094.000000
1488750.000000
1482291.000000
1484896.000000
1487448.000000
1510834.000000
1490573.000000
1484323.000000
1524635.000000
1487291.000000
1509635.000000
1592656.000000
1487239.000000
1483593.000000
1483125.000000
1484531.000000
1480209.000000
1481407.000000
1498385.000000
1528438.000000
1488438.000000
1593437.000000
1486875.000000
1488125.000000
1497344.000000
1493281.000000
1483438.000000
1480625.000000
1488646.000000
1484688.000000
1480156.000000
1501823.000000
1509218.000000
1483438.000000
1520052.000000
1485313.000000
1489219.000000
1488438.000000
1494219.000000
1481094.000000
1509375.000000
1453646.000000
1450052.000000
1452761.000000
1488177.000000
1510416.000000
1488334.000000
1488125.000000
1517812.000000
1483490.000000
1507761.000000
1488802.000000
1483281.000000
1483750.000000
1483541.000000
1561354.000000
1506927.000000
1509271.000000
1523854.000000
1485156.000000
1485573.000000
1504427.000000
1522709.000000
1507292.000000
1488385.000000
1511614.000000
1483021.000000
1502291.000000
1518334.000000
1485833.000000
1478125.000000
1485730.000000
1483542.000000
1495833.000000
1496614.000000
1484375.000000
1491146.000000
1518333.000000
1569687.000000
1491667.000000
1479532.000000
1507552.000000
1484427.000000
1483230.000000
1484896.000000
1479844.000000
1491146.000000
1486718.000000
1484271.000000
1484062.000000
1484323.000000
1486615.000000
1552395.000000
1482865.000000
1493073.000000
1487813.000000
1484375.000000
1494740.000000
1528646.000000
1566094.000000
1482031.000000
1484948.000000
1490469.000000
1479271.000000
1482605.000000
1487448.000000
1485521.000000
1487812.000000
1508177.000000
1487604.000000
1501875.000000
1539271.000000
1484583.000000
1488646.000000
1489531.000000
1532656.000000
1486354.000000
1490157.000000
1491875.000000
1522656.000000
1481980.000000
1486980.000000
1452448.000000
1452396.000000
1451510.000000
1501980.000000
1485573.000000
1483125.000000
1498750.000000
1445312.000000
1451250.000000
1486823.000000
1483072.000000
1485000.000000
1491823.000000
1559531.000000
1455208.000000
1447344.000000
1490208.000000
1500000.000000
1484166.000000
1526093.000000
1549479.000000
1493698.000000
1487865.000000
1485990.000000
1509010.000000
1495156.000000
1484635.000000
1484219.000000
1488334.000000
1463802.000000
1464427.000000
1451771.000000
1492552.000000
1515729.000000
1483333.000000
1487760.000000
1518020.000000
1483021.000000
1519792.000000
1485417.000000
1483073.000000
1505052.000000
1483386.000000
1503385.000000
1485156.000000
1491823.000000
1504843.000000
1484687.000000
1492552.000000
1512760.000000
1497343.000000
1504114.000000
1476511.000000
1481823.000000
1485521.000000
1488281.000000
1558542.000000
1483489.000000
1497969.000000
1490208.000000
1482968.000000
1509114.000000
1475313.000000
1514115.000000
1550938.000000
1481927.000000
1529480.000000
1499323.000000
1489583.000000
1488698.000000
1535781.000000
1488021.000000
1515156.000000
1486302.000000
1481718.000000
1487343.000000
1489636.000000
1484115.000000
1485313.000000
1485156.000000
1484635.000000
1470260.000000
1454271.000000
1489531.000000
1487656.000000
1489375.000000
1521354.000000
1490677.000000
1497604.000000
1483125.000000
1514323.000000
1509323.000000
1510052.000000
1494271.000000
1483958.000000
1485312.000000
1511979.000000
1505261.000000
1488125.000000
1483021.000000
1492240.000000
1488125.000000
1488906.000000
1487760.000000
1519948.000000
1485156.000000
1501666.000000
1567656.000000
1502344.000000
1482552.000000
1483334.000000
1531198.000000
1500990.000000
1485417.000000
1482500.000000
1488177.000000
1500573.000000
1486354.000000
1474948.000000
1539115.000000
1487135.000000
1483490.000000
1485989.000000
1481093.000000
1509115.000000
1507031.000000
1491823.000000
1548594.000000
1487343.000000
1516667.000000
1507761.000000
1486198.000000
1485052.000000
1501667.000000
1483542.000000
1485937.000000
1508177.000000
1482917.000000
1482240.000000
1494218.000000
1488334.000000
1483802.000000
1512240.000000
1477500.000000
1484323.000000
1486719.000000
1510520.000000
1481615.000000
1482396.000000
1485521.000000
1480469.000000
1542864.000000
1511823.000000
1488698.000000
1487240.000000
1489323.000000
1489323.000000
1483229.000000
1557604.000000
1484947.000000
1486823.000000
1484531.000000
1450678.000000
1498177.000000
1460469.000000
1485989.000000
1519583.000000
1478333.000000
1492708.000000
1484479.000000
1486927.000000
1515104.000000
1484895.000000
1510208.000000
1519687.000000
1512032.000000
1485052.000000
1482604.000000
1488073.000000
1481198.000000
1496563.000000
1486822.000000
1479219.000000
1508698.000000
1564167.000000
1453593.000000
1452969.000000
1585677.000000
1683489.000000
1489687.000000
1552240.000000
1537760.000000
1533125.000000
1537188.000000
1637812.000000
1552708.000000
1670365.000000
1461615.000000
1434062.000000
1447656.000000
1441667.000000
1440000.000000
1465052.000000
1468802.000000
1443072.000000
1431303.000000
1425000.000000
1422708.000000
1447448.000000
1445937.000000
1449218.000000
1456980.000000
1437135.000000
1430938.000000
1438906.000000
1432083.000000
1460938.000000
1438177.000000
1436875.000000
1448594.000000
1451667.000000
1441562.000000
1436822.000000
1432032.000000
1451302.000000
1451250.000000
1499219.000000
1445105.000000
1464375.000000
1454635.000000
1436562.000000
1428333.000000
1406615.000000
1432291.000000
1444323.000000
1462188.000000
1443385.000000
1481093.000000
1488490.000000
1448333.000000
1486667.000000
1430104.000000
1456406.000000
1364948.000000
1367344.000000
1465625.000000
1392291.000000
1445781.000000
1464792.000000
1456302.000000
1427344.000000
1447709.000000
1438072.000000
1442917.000000
1430938.000000
1455104.000000
1432552.000000
1428594.000000
1424323.000000
1440104.000000
1430365.000000
1465938.000000
1458541.000000
1432500.000000
1431875.000000
1434687.000000
1436771.000000
1455989.000000
1443437.000000
1461615.000000
1446145.000000
1452605.000000
1426094.000000
1444115.000000
1430208.000000
1451823.000000
1446719.000000
1444688.000000
1467656.000000
1434063.000000
1483959.000000
1437084.000000
1487344.000000
1454532.000000
1443855.000000
1443646.000000
1459739.000000
1466667.000000
1438229.000000
1428178.000000
1430729.000000
1441719.000000
1422657.000000
1437605.000000
1438177.000000
1447448.000000
1453437.000000
1479948.000000
1432344.000000
1437865.000000
1477813.000000
1479010.000000
1447396.000000
1466198.000000
1434844.000000
1440885.000000
1433177.000000
1448333.000000
1430260.000000
1461145.000000
1441563.000000
1444063.000000
1446354.000000
1439844.000000
1432188.000000
1429218.000000
1443698.000000
1486771.000000
1436510.000000
1442760.000000
1435365.000000
1486927.000000
1484270.000000
1420000.000000
1368490.000000
1426197.000000
1436927.000000
1452708.000000
1430156.000000
1474167.000000
1449688.000000
1444844.000000
1433698.000000
1435157.000000
1457969.000000
1457500.000000
1440417.000000
1449739.000000
1436718.000000
1457343.000000
1433958.000000
1437135.000000
1436145.000000
1457448.000000
1423750.000000
1475521.000000
1448958.000000
1463334.000000
1478490.000000
1478333.000000
1431615.000000
1436094.000000
1443646.000000
1441302.000000
1518541.000000
1459948.000000
1443281.000000
1472396.000000
1438333.000000
1430312.000000
1431145.000000
1457396.000000
1434740.000000
1449218.000000
1446458.000000
1426198.000000
1364896.000000
1364375.000000
1445104.000000
1511719.000000
1461927.000000
1435156.000000
1433958.000000
1469271.000000
1460834.000000
1448073.000000
1453021.000000
1500781.000000
1444271.000000
1432292.000000
1494375.000000
1431719.000000
1425781.000000
1445521.000000
1453854.000000
1450989.000000
1439584.000000
1438854.000000
1495208.000000
1435053.000000
1429479.000000
1447605.000000
1458906.000000
1443646.000000
1447760.000000
1434843.000000
1470937.000000
1434791.000000
1423333.000000
1436927.000000
1447031.000000
1472864.000000
1439688.000000
1410364.000000
1364480.000000
1365000.000000
1476145.000000
1392396.000000
1452656.000000
1461145.000000
1453438.000000
1496146.000000
1503542.000000
1462864.000000
1443594.000000
1437344.000000
1434636.000000
1452917.000000
1444115.000000
1469375.000000
1439219.000000
1439428.000000
1440989.000000
1451510.000000
1428542.000000
1446042.000000
1422604.000000
1445520.000000
1438490.000000
1446718.000000
1471823.000000
1434636.000000
1453593.000000
1438698.000000
1423906.000000
1467031.000000
1444062.000000
1452031.000000
1465833.000000
1456250.000000
1449375.000000
1442969.000000
1448906.000000
1436614.000000
1441823.000000
1440833.000000
1442761.000000
1436771.000000
1455937.000000
1439688.000000
1484687.000000
1499062.000000
1454583.000000
1454428.000000
1466979.000000
1491406.000000
1520834.000000
1480989.000000
1436250.000000
1431510.000000
1453750.000000
1438802.000000
1443073.000000
1434844.000000
1480364.000000
1476562.000000
1450938.000000
1434584.000000
1502344.000000
1452656.000000
1464427.000000
1453021.000000
1451719.000000
1425053.000000
1424270.000000
1424896.000000
1443958.000000
1447396.000000
1443438.000000
1465104.000000
1433542.000000
1451042.000000
1428437.000000
1455677.000000
1403698.000000
1363959.000000
1365782.000000
1436250.000000
1466042.000000
1429167.000000
1426145.000000
1450990.000000
144