1351823.000000
1516719.000000
1306667.000000
1453178.000000
1394844.000000
1454323.000000
1387031.000000
1376198.000000
1359427.000000
1414427.000000
1388021.000000
1388958.000000
1413594.000000
1377291.000000
1387969.000000
1484792.000000
1372500.000000
1411354.000000
1361927.000000
1391823.000000
1422969.000000
1369739.000000
1459323.000000
1397812.000000
1410156.000000
1519792.000000
1435573.000000
1434010.000000
1407240.000000
1444843.000000
1403021.000000
1418125.000000
1508698.000000
1484271.000000
1459896.000000
1408282.000000
1395417.000000
1421511.000000
1404115.000000
1453646.000000
1410677.000000
1436042.000000
1396823.000000
1424635.000000
1474791.000000
1440261.000000
1427396.000000
1424531.000000
1443750.000000
1405052.000000
1479531.000000
1463646.000000
1344271.000000
1427656.000000
1462500.000000
1515313.000000
1442344.000000
1442552.000000
1428906.000000
1389739.000000
1420989.000000
1404063.000000
1397812.000000
1440782.000000
1418281.000000
1417552.000000
1401614.000000
1483854.000000
1466302.000000
1420000.000000
1436822.000000
1412552.000000
1439583.000000
1400052.000000
1453021.000000
1513750.000000
1431042.000000
1422395.000000
1388750.000000
1415312.000000
1429427.000000
1421406.000000
1418177.000000
1398959.000000
1417032.000000
1423385.000000
1434062.000000
1486822.000000
1429688.000000
1415625.000000
1392291.000000
1417604.000000
1395521.000000
1422604.000000
1397187.000000
1408281.000000
1439166.000000
1397969.000000
1418177.000000
1387709.000000
1502917.000000
1497604.000000
1429375.000000
1491719.000000
1434166.000000
1425416.000000
1407500.000000
1400573.000000
1394687.000000
1400105.000000
1537031.000000
1461667.000000
1421927.000000
1409635.000000
1423229.000000
1428958.000000
1404843.000000
1470990.000000
1466042.000000
1497396.000000
1453854.000000
1419323.000000
1421719.000000
1413177.000000
1402709.000000
1455364.000000
1515989.000000
1480730.000000
1378072.000000
1475937.000000
1451407.000000
1414167.000000
1491146.000000
1450781.000000
1422084.000000
1403386.000000
1404219.000000
1411458.000000
1416146.000000
1430312.000000
1407344.000000
1420209.000000
1451666.000000
1422240.000000
1407240.000000
1402448.000000
1447812.000000
1427708.000000
1445729.000000
1412969.000000
1498125.000000
1502396.000000
1461458.000000
1445313.000000
1408750.000000
1453177.000000
1396042.000000
1390209.000000
1482864.000000
1425625.000000
1430989.000000
1429792.000000
1431146.000000
1400833.000000
1484792.000000
1452083.000000
1412448.000000
1409896.000000
1443177.000000
1413438.000000
1439531.000000
1411875.000000
1414947.000000
1407916.000000
1476198.000000
1460520.000000
1414427.000000
1435625.000000
1419011.000000
1430938.000000
1417657.000000
1473906.000000
1461667.000000
1414584.000000
1510625.000000
1444427.000000
1413645.000000
1413281.000000
1417396.000000
1455834.000000
1414219.000000
1454167.000000
1401511.000000
1411459.000000
1483333.000000
1455364.000000
1453281.000000
1480834.000000
1438125.000000
1437813.000000
1419167.000000
1412552.000000
1406458.000000
1460833.000000
1455261.000000
1440260.000000
1404739.000000
1394584.000000
1413281.000000
1405156.000000
1449323.000000
1444844.000000
1434895.000000
1437553.000000
1416927.000000
1399219.000000
1411875.000000
1427448.000000
1466406.000000
1440312.000000
1455833.000000
1410000.000000
1426458.000000
1487604.000000
1489427.000000
1461042.000000
1424114.000000
1493021.000000
1475260.000000
1440104.000000
1407500.000000
1406823.000000
1434636.000000
1434167.000000
1436146.000000
1408386.000000
1498959.000000
1458021.000000
1420625.000000
1438125.000000
1390521.000000
1423229.000000
1392864.000000
1416614.000000
1395468.000000
1397187.000000
1461146.000000
1435781.000000
1493542.000000
1434167.000000
1407708.000000
1450677.000000
1424011.000000
1446510.000000
1435416.000000
1414115.000000
1468021.000000
1429375.000000
1452761.000000
1426667.000000
1440834.000000
1417396.000000
1560365.000000
1469375.000000
1430208.000000
1423020.000000
1399896.000000
1451667.000000
1439010.000000
1439271.000000
1418021.000000
1414583.000000
1468906.000000
1481719.000000
1447500.000000
1464740.000000
1468542.000000
1448646.000000
1407292.000000
1482812.000000
1421823.000000
1417083.000000
1422032.000000
1405364.000000
1423593.000000
1427552.000000
1451355.000000
1424740.000000
1454375.000000
1437812.000000
1407604.000000
1423541.000000
1417448.000000
1537812.000000
1466562.000000
1464010.000000
1379583.000000
1513125.000000
1450156.000000
1498073.000000
1459011.000000
1485833.000000
1496302.000000
1532448.000000
1463698.000000
1400989.000000
1426927.000000
1398437.000000
1443541.000000
1473854.000000
1430105.000000
1404375.000000
1400104.000000
1411406.000000
1388802.000000
1460469.000000
1450729.000000
1403489.000000
1404011.000000
1402083.000000
1402292.000000
1477917.000000
1424323.000000
1440469.000000
1470937.000000
1445937.000000
1477917.000000
1445625.000000
1448438.000000
1424532.000000
1428020.000000
1411458.000000
1412448.000000
1419479.000000
1444896.000000
1449167.000000
1424270.000000
1479114.000000
1448177.000000
1417708.000000
1460833.000000
1427500.000000
1428594.000000
1430885.000000
1433542.000000
1417291.000000
1485521.000000
1485834.000000
1441458.000000
1440989.000000
1404375.000000
1434844.000000
1392344.000000
1413177.000000
1457448.000000
1421302.000000
1438386.000000
1512240.000000
1473073.000000
1455104.000000
1420156.000000
1415521.000000
1408594.000000
1421823.000000
1455885.000000
1397605.000000
1428958.000000
1408646.000000
1477760.000000
1490104.000000
1379167.000000
1433386.000000
1419271.000000
1441145.000000
1414114.000000
1412604.000000
1414948.000000
1413177.000000
1471198.000000
1596510.000000
1496406.000000
1486614.000000
1473594.000000
1489479.000000
1448437.000000
1444583.000000
1424531.000000
1411041.000000
1446927.000000
1417084.000000
1440052.000000
1426406.000000
1431042.000000
1412343.000000
1414375.000000
1497083.000000
1439688.000000
1439375.000000
1394375.000000
1407552.000000
1388854.000000
1408907.000000
1413437.000000
1426719.000000
1425261.000000
1436927.000000
1415521.000000
1434219.000000
1435886.000000
1428073.000000
1424792.000000
1416250.000000
1420573.000000
1410937.000000
1417448.000000
1432708.000000
1407761.000000
1412656.000000
1446250.000000
1431615.000000
1435208.000000
1433021.000000
1405312.000000
1409687.000000
1408750.000000
1400156.000000
1445468.000000
1424375.000000
1463750.000000
1411146.000000
1418958.000000
1423125.000000
1420937.000000
1499792.000000
1455000.000000
1425729.000000
1401354.000000
1394688.000000
1497812.000000
1458177.000000
1445104.000000
1426875.000000
1410156.000000
1440469.000000
1506927.000000
1447552.000000
1413229.000000
1399063.000000
1433907.000000
1434063.000000
1426562.000000
1475782.000000
1458177.000000
1437448.000000
1448282.000000
1457812.000000
1428802.000000
1422604.000000
1422500.000000
1408490.000000
1445937.000000
1410052.000000
1425417.000000
1408697.000000
1402813.000000
1411875.000000
1402656.000000
1442240.000000
1416979.000000
1445730.000000
1400781.000000
1401927.000000
1421563.000000
1403072.000000
1452657.000000
1426615.000000
1436615.000000
1398698.000000
1401562.000000
1425469.000000
1436042.000000
1403229.000000
1411198.000000
1388907.000000
1410833.000000
1419218.000000
1416302.000000
1492917.000000
1380052.000000
1419479.000000
1415209.000000
1410261.000000
1437656.000000
1499010.000000
1461927.000000
1417552.000000
1406979.000000
1423333.000000
1400000.000000
1438959.000000
1433437.000000
1429010.000000
1394531.000000
1406771.000000
1433125.000000
1417916.000000
1461614.000000
1417865.000000
1414584.000000
1406146.000000
1417344.000000
1455937.000000
1425416.000000
1440885.000000
1411459.000000
1427240.000000
1438281.000000
1419895.000000
1395729.000000
1426719.000000
1433334.000000
1428438.000000
1414584.000000
1422916.000000
1417969.000000
1414271.000000
1412396.000000
1419219.000000
1435000.000000
1409635.000000
1490937.000000
1454687.000000
1433750.000000
1406667.000000
1425209.000000
1454010.000000
1429948.000000
1445469.000000
1432135.000000
1448802.000000
1416719.000000
1490365.000000
1560989.000000
1482968.000000
1456667.000000
1437500.000000
1401615.000000
1452084.000000
1460312.000000
1462604.000000
1430677.000000
1441198.000000
1415521.000000
1417240.000000
1455417.000000
1447760.000000
1447344.000000
1424791.000000
1432657.000000
1419896.000000
1428542.000000
1442448.000000
1406927.000000
1435312.000000
1403698.000000
1422969.000000
1409687.000000
1434218.000000
1438177.000000
1415052.000000
1425417.000000
1405990.000000
1419114.000000
1409375.000000
1414480.000000
1390833.000000
1399583.000000
1400261.000000
1424322.000000
1422240.000000
1402604.000000
1397291.000000
1414584.000000
1411511.000000
1396250.000000
1416094.000000
1420625.000000
1439427.000000
1414323.000000
1434115.000000
1392084.000000
1460469.000000
1440260.000000
1410156.000000
1441980.000000
1479531.000000
1440782.000000
1419687.000000
1414791.000000
1442136.000000
1410469.000000
1432032.000000
1409635.000000
1412448.000000
1394739.000000
1417864.000000
1474011.000000
1496042.000000
1445208.000000
1405833.000000
1415416.000000
1442187.000000
1402500.000000
1445729.000000
1413698.000000
1407709.000000
1456250.000000
1425261.000000
1431615.000000
1399427.000000
1434948.000000
1409167.000000
1418438.000000
1420520.000000
1410834.000000
1401719.000000
1396146.000000
1421041.000000
1413854.000000
1421250.000000
1426198.000000
1428073.000000
1421614.000000
1429583.000000
1411198.000000
1424739.000000
1419583.000000
1435261.000000
1415938.000000
1437552.000000
1465521.000000
1469375.000000
1437083.000000
1407500.000000
1403281.000000
1381875.000000
1396302.000000
1392188.000000
1386562.000000
1541667.000000
1442864.000000
1430990.000000
1397031.000000
1416198.000000
1420104.000000
1420938.000000
1421302.000000
1430260.000000
1434896.000000
1425261.000000
1407083.000000
1415938.000000
1426615.000000
1445834.000000
1422500.000000
1454063.000000
1431406.000000
1403750.000000
1423021.000000
1456459.000000
1455468.000000
1444375.000000
1431563.000000
1403072.000000
1413229.000000
1402969.000000
1398541.000000
1442500.000000
1396406.000000
1443646.000000
1415469.000000
1427552.000000
1441302.000000
1399375.000000
1419479.000000
1404011.000000
1441146.000000
1414166.000000
1415260.000000
1477344.000000
1480156.000000
1448177.000000
1426615.000000
1417708.000000
1414583.000000
1442969.000000
1445521.000000
1392968.000000
1455677.000000
1444219.000000
1418385.000000
1414844.000000
1421823.000000
1492083.000000
1479740.000000
1461510.000000
1414531.000000
1423959.000000
1386614.000000
1411511.000000
1420677.000000
1392344.000000
1460886.000000
1411823.000000
1438698.000000
1464531.000000
1421979.000000
1399948.000000
1405834.000000
1401250.000000
1404688.000000
1426666.000000
1462916.000000
1407604.000000
1424844.000000
1390364.000000
1407240.000000
1390364.000000
1402135.000000
1419896.000000
1420104.000000
1483281.000000
1477708.000000
1452552.000000
1489636.000000
1462812.000000
1452448.000000
1403750.000000
1522760.000000
1491146.000000
1444479.000000
1448646.000000
1441406.000000
1428333.000000
1505417.000000
1454792.000000
1432552.000000
1466354.000000
1439479.000000
1435677.000000
1417604.000000
1424010.000000
1420989.000000
1401770.000000
1470260.000000
1432656.000000
1394271.000000
1403125.000000
1466198.000000
1426770.000000
1485833.000000
1512396.000000
1471719.000000
1479687.000000
1443854.000000
1430677.000000
1421041.000000
1424219.000000
1411354.000000
1441719.000000
1474531.000000
1440208.000000
1440885.000000
1470625.000000
1447187.000000
1435104.000000
1415000.000000
1406771.000000
1401562.000000
1468854.000000
1421771.000000
1417604.000000
1414115.000000
1434843.000000
1444063.000000
1404219.000000
1442968.000000
1502917.000000
1472188.000000
1426510.000000
1472031.000000
1446771.000000
1413281.000000
1509791.000000
1429583.000000
1430104.000000
1395468.000000
1425052.000000
1431042.000000
1412240.000000
1477292.000000
1469428.000000
1421406.000000
1407395.000000
1437396.000000
1448333.000000
1397552.000000
1468542.000000
1430729.000000
1474740.000000
1465625.000000
1509271.000000
1610104.000000
1449896.000000
1427344.000000
1409896.000000
1409948.000000
1436406.000000
1427500.000000
1444792.000000
1410052.000000
1438490.000000
1411979.000000
1428177.000000
1402135.000000
1524843.000000
1455573.000000
1449427.000000
1417500.000000
1417344.000000
1427135.000000
1421927.000000
1446510.000000
1417813.000000
1506302.000000
1430417.000000
1482865.000000
1432969.000000
1428437.000000
1516093.000000
1429375.000000
1400989.000000
1406041.000000
1439739.000000
1405364.000000
1464479.000000
1451146.000000
1421042.000000
1401563.000000
1411250.000000
1443541.000000
1429688.000000
1435157.000000
1417343.000000
1410989.000000
1437083.000000
1404479.000000
1407395.000000
1448021.000000
1438958.000000
1404114.000000
1512813.000000
1469375.000000
1441511.000000
1481250.000000
1472604.000000
1464740.000000
1421563.000000
1415104.000000
1407448.000000
1398334.000000
1446354.000000
1407031.000000
1440104.000000
1393542.000000
1433906.000000
1385365.000000
1401354.000000
1459323.000000
1413958.000000
1436510.000000
1453125.000000
1401823.000000
1404375.000000
1405364.000000
1424479.000000
1503125.000000
1425729.000000
1453906.000000
1397500.000000
1389114.000000
1422604.000000
1427396.000000
1405834.000000
1406875.000000
1425312.000000
1437865.000000
1471354.000000
1428490.000000
1419740.000000
1493437.000000
1450000.000000
1441511.000000
1425729.000000
1432708.000000
1400677.000000
1397291.000000
1451145.000000
1413281.000000
1429375.000000
1626822.000000
1456511.000000
1467136.000000
1511198.000000
1481719.000000
1449427.000000
1423021.000000
1412291.000000
1447448.000000
1404271.000000
1442552.000000
1444323.000000
1410938.000000
1442500.000000
1400156.000000
1451615.000000
1488125.000000
1441250.000000
1455208.000000
1420678.000000
1451927.000000
1430729.000000
1418593.000000
1392968.000000
1450312.000000
1426875.000000
1454323.000000
1420625.000000
1411250.000000
1404375.000000
1402708.000000
1408958.000000
1429635.000000
1403021.000000
1411927.000000
1389480.000000
1447083.000000
1416510.000000
1421041.000000
1415885.000000
1405677.000000
1413177.000000
1417083.000000
1490208.000000
1461355.000000
1441615.000000
1467448.000000
1415313.000000
1404843.000000
1444010.000000
1396614.000000
1421094.000000
1425417.000000
1444219.000000
1432709.000000
1407448.000000
1421667.000000
1394531.000000
1426354.000000
1404427.000000
1474531.000000
1450677.000000
1473542.000000
1435937.000000
1422865.000000
1429219.000000
1404531.000000
1398855.000000
1440053.000000
1400572.000000
1440990.000000
1392448.000000
1468385.000000
1454375.000000
1445104.000000
1523646.000000
1473646.000000
1443177.000000
1403229.000000
1419688.000000
1428229.000000
1399166.000000
1465417.000000
1394740.000000
1422917.000000
1393750.000000
1401458.000000
1401614.000000
1396614.000000
1461354.000000
1398073.000000
1414844.000000
1392656.000000
1432969.000000
1409583.000000
1420781.000000
1419688.000000
1403386.000000
1497813.000000
1478490.000000
1442292.000000
1467083.000000
1445521.000000
1436303.000000
1408802.000000
1436302.000000
1408802.000000
1438281.000000
1424011.000000
1432552.000000
1430000.000000
1429375.000000
1414375.000000
1422865.000000
1441823.000000
1438959.000000
1476667.000000
1490312.000000
1460521.000000
1419948.000000
1461563.000000
1415990.000000
1431198.000000
1478698.000000
1450573.000000
1430521.000000
1410625.000000
1504115.000000
1440521.000000
1424948.000000
1427031.000000
1411042.000000
1452917.000000
1438750.000000
1484636.000000
1464323.000000
1464584.000000
1540156.000000
1442292.000000
1398959.000000
1485000.000000
1443281.000000
1407917.000000
1470625.000000
1463802.000000
1420573.000000
1411927.000000
1473542.000000
1456042.000000
1417917.000000
1472396.000000
1518281.000000
1455781.000000
1506042.000000
1433125.000000
1423333.000000
1491459.000000
1447552.000000
1438594.000000
1405105.000000
1433333.000000
1429844.000000
1402240.000000
1494219.000000
1457917.000000
1427761.000000
1519531.000000
1468490.000000
1479635.000000
1361511.000000
1540417.000000
1434584.000000
1438542.000000
1403229.000000
1405000.000000
1438854.000000
1445000.000000
1455573.000000
1395781.000000
1427656.000000
1417916.000000
1398907.000000
1482396.000000
1443698.000000
1466250.000000
1429219.000000
1423333.000000
1408125.000000
1407395.000000
1460729.000000
1388958.000000
1446666.000000
1469062.000000
1421354.000000
1410157.000000
1407604.000000
1461927.000000
1439895.000000
1432708.000000
1470677.000000
1483385.000000
1443437.000000
1409583.000000
1437031.000000
1394688.000000
1454167.000000
1442656.000000
1429636.000000
1449063.000000
1426615.000000
1460104.000000
1434688.000000
1493750.000000
1479427.000000
1426928.000000
1469792.000000
1415260.000000
1427604.000000
1446510.000000
1415000.000000
1429792.000000
1485886.000000
1506770.000000
1494687.000000
1514427.000000
1465156.000000
1441354.000000
1486302.000000
1506771.000000
1446094.000000
1408906.000000
1438073.000000
1451302.000000
1437343.000000
1451146.000000
1434948.000000
1455625.000000
1407292.000000
1452917.000000
1432292.000000
1403386.000000
1462344.000000
1445416.000000
1438854.000000
1455781.000000
1493646.000000
1469427.000000
1439792.000000
1437604.000000
1406197.000000
1448646.000000
1483490.000000
1442760.000000
1425052.000000
1576354.000000
1488437.000000
1469739.000000
1443177.000000
1435157.000000
1413177.000000
1441927.000000
1433333.000000
1440104.000000
1417708.000000
1435260.000000
1442709.000000
1409687.000000
1496406.000000
1499636.000000
1452552.000000
1529011.000000
1456250.000000
1434115.000000
1425469.000000
1422864.000000
1440052.000000
1423959.000000
1454896.000000
1483177.000000
1444740.000000
1493385.000000
1441407.000000
1427084.000000
1465782.000000
1459843.000000
1416302.000000
1442500.000000
1401927.000000
1413698.000000
1423594.000000
1402239.000000
1466042.000000
1374271.000000
1620000.000000
1523646.000000
1494739.000000
1507552.000000
1505834.000000
1520572.000000
1489636.000000
1457917.000000
1443177.000000
1421250.000000
1471562.000000
1437917.000000
1423490.000000
1438906.000000
1433958.000000
1446563.000000
1409167.000000
1416771.000000
1394063.000000
1439583.000000
1422604.000000
1428385.000000
1426146.000000
1442135.000000
1414010.000000
1421771.000000
1458958.000000
1438958.000000
1421094.000000
1424271.000000
1418958.000000
1431771.000000
1458802.000000
1428281.000000
1436823.000000
1411250.000000
1414740.000000
1408854.000000
1414427.000000
1507188.000000
1447396.000000
1427136.000000
1398281.000000
1422552.000000
1410156.000000
1407291.000000
1427917.000000
1416979.000000
1449687.000000
1399479.000000
1470313.000000
1424896.000000
1397292.000000
1445156.000000
1395417.000000
1446094.000000
1424219.000000
1445312.000000
1447083.000000
1402813.000000
1413281.000000
1401094.000000
1442656.000000
1395886.000000
1422761.000000
1403490.000000
1416563.000000
1429427.000000
1427552.000000
1457083.000000
1445677.000000
1418177.000000
1446458.000000
1421511.000000
1446042.000000
1502500.000000
1465000.000000
1461719.000000
1518646.000000
1490156.000000
1359844.000000
1437239.000000
1424011.000000
1404270.000000
1419636.000000
1425469.000000
1478282.000000
1484167.000000
1464427.000000
1449792.000000
1412709.000000
1407604.000000
1401041.000000
1447083.000000
1428907.000000
1421719.000000
1433906.000000
1420677.000000
1451407.000000
