20208.000000
171666.000000
102812.000000
98229.000000
96614.000000
94635.000000
90885.000000
87135.000000
86458.000000
87083.000000
88854.000000
87448.000000
87656.000000
88542.000000
88281.000000
86563.000000
89219.000000
90313.000000
91302.000000
190885.000000
178698.000000
104323.000000
105364.000000
106823.000000
105781.000000
105937.000000
104948.000000
102084.000000
106511.000000
103542.000000
105625.000000
107031.000000
105365.000000
105052.000000
107395.000000
108542.000000
107604.000000
104843.000000
104167.000000
105573.000000
103438.000000
104948.000000
104375.000000
103229.000000
106146.000000
101667.000000
106615.000000
108125.000000
108959.000000
105625.000000
107136.000000
108594.000000
107344.000000
105365.000000
105521.000000
107812.000000
108593.000000
106667.000000
107604.000000
107917.000000
126198.000000
128229.000000
254218.000000
131094.000000
125729.000000
130104.000000
121614.000000
126719.000000
121510.000000
122136.000000
120834.000000
123125.000000
119219.000000
123854.000000
122344.000000
124375.000000
122344.000000
124896.000000
119063.000000
126667.000000
126667.000000
111198.000000
57708.000000
54584.000000
56198.000000
54167.000000
54271.000000
53802.000000
54583.000000
52865.000000
54375.000000
52865.000000
36615.000000
35104.000000
36198.000000
35417.000000
36146.000000
36198.000000
36302.000000
36511.000000
36302.000000
35312.000000
35989.000000
35104.000000
36459.000000
35156.000000
36458.000000
35260.000000
36302.000000
36302.000000
36198.000000
35677.000000
36302.000000
36042.000000
36459.000000
35417.000000
111719.000000
105104.000000
108021.000000
106927.000000
110157.000000
105416.000000
106198.000000
107395.000000
208020.000000
109115.000000
111094.000000
109218.000000
108021.000000
111459.000000
106875.000000
105729.000000
109323.000000
105157.000000
106875.000000
104011.000000
109219.000000
105312.000000
110520.000000
106823.000000
109322.000000
104479.000000
107500.000000
104010.000000
105364.000000
105208.000000
102032.000000
104531.000000
40781.000000
36354.000000
35469.000000
36459.000000
35781.000000
36198.000000
35104.000000
36146.000000
35365.000000
36198.000000
35208.000000
36354.000000
35260.000000
36407.000000
35156.000000
36459.000000
35208.000000
36406.000000
35521.000000
37396.000000
35417.000000
36302.000000
35209.000000
36042.000000
35208.000000
36197.000000
35104.000000
36250.000000
34948.000000
37500.000000
35000.000000
36510.000000
35469.000000
36041.000000
35364.000000
36354.000000
35313.000000
133698.000000
36146.000000
37292.000000
35572.000000
36198.000000
35052.000000
36146.000000
35416.000000
36250.000000
35105.000000
36354.000000
34948.000000
37500.000000
35365.000000
36406.000000
35052.000000
35833.000000
34844.000000
36458.000000
35260.000000
36458.000000
35521.000000
36927.000000
35365.000000
35989.000000
35260.000000
36146.000000
34948.000000
36145.000000
34947.000000
36146.000000
34895.000000
37343.000000
35053.000000
36198.000000
35104.000000
36198.000000
35052.000000
36406.000000
35000.000000
36041.000000
35156.000000
37031.000000
35000.000000
36511.000000
35990.000000
35937.000000
35364.000000
36406.000000
35677.000000
36510.000000
40261.000000
38490.000000
35417.000000
36562.000000
35208.000000
36042.000000
35104.000000
36718.000000
35156.000000
35886.000000
117864.000000
37760.000000
35573.000000
36250.000000
35469.000000
35938.000000
34844.000000
36302.000000
35364.000000
36354.000000
35260.000000
37135.000000
35208.000000
36094.000000
35104.000000
36823.000000
35469.000000
36041.000000
34896.000000
36093.000000
35104.000000
37084.000000
35209.000000
36302.000000
35208.000000
36406.000000
35104.000000
36406.000000
35573.000000
35937.000000
35781.000000
37240.000000
35157.000000
36145.000000
35000.000000
36042.000000
35052.000000
36302.000000
35312.000000
35938.000000
35052.000000
37240.000000
34896.000000
36250.000000
35625.000000
36042.000000
34895.000000
36145.000000
35208.000000
35886.000000
35364.000000
37292.000000
35260.000000
35885.000000
35208.000000
35990.000000
35000.000000
35677.000000
36042.000000
35990.000000
34948.000000
92656.000000
38073.000000
36458.000000
35104.000000
36511.000000
34739.000000
35990.000000
35104.000000
35989.000000
35000.000000
36875.000000
35573.000000
36250.000000
34948.000000
141615.000000
61407.000000
61823.000000
59584.000000
61823.000000
59844.000000
62812.000000
59583.000000
61145.000000
59739.000000
61406.000000
59323.000000
61094.000000
59791.000000
61250.000000
59844.000000
63021.000000
59584.000000
61666.000000
59375.000000
61198.000000
59063.000000
61511.000000
59584.000000
60937.000000
59635.000000
62709.000000
59063.000000
61146.000000
59219.000000
61458.000000
59427.000000
61771.000000
53489.000000
53906.000000
52084.000000
54948.000000
52239.000000
53385.000000
52135.000000
53229.000000
51875.000000
53646.000000
51927.000000
53385.000000
51510.000000
54896.000000
128125.000000
55365.000000
52187.000000
53698.000000
51718.000000
53594.000000
51875.000000
53594.000000
52188.000000
55000.000000
52031.000000
53229.000000
52239.000000
53333.000000
52083.000000
135000.000000
131354.000000
134271.000000
134583.000000
137344.000000
132136.000000
134479.000000
132188.000000
134219.000000
131510.000000
134167.000000
132031.000000
133594.000000
131979.000000
135105.000000
132344.000000
134896.000000
132344.000000
133542.000000
134115.000000
136146.000000
132969.000000
133750.000000
133020.000000
134167.000000
132396.000000
134063.000000
131406.000000
133698.000000
131875.000000
133854.000000
132239.000000
134010.000000
132291.000000
135521.000000
132917.000000
137500.000000
133333.000000
133855.000000
132552.000000
133177.000000
131093.000000
134271.000000
131822.000000
134635.000000
132344.000000
214219.000000
132708.000000
163021.000000
132864.000000
133750.000000
132083.000000
136562.000000
133594.000000
136250.000000
132864.000000
133333.000000
132969.000000
134011.000000
132240.000000
132865.000000
157500.000000
134688.000000
131563.000000
134480.000000
131563.000000
133334.000000
132291.000000
150678.000000
134062.000000
134166.000000
131615.000000
133229.000000
131667.000000
135729.000000
132292.000000
133646.000000
132864.000000
133594.000000
131510.000000
133385.000000
132031.000000
133334.000000
131927.000000
137031.000000
133698.000000
134218.000000
132188.000000
134322.000000
132917.000000
133177.000000
132291.000000
133021.000000
131250.000000
135000.000000
131302.000000
133385.000000
131667.000000
133958.000000
131979.000000
133802.000000
134375.000000
134011.000000
132812.000000
134375.000000
132240.000000
134947.000000
223385.000000
135417.000000
132708.000000
133958.000000
132813.000000
133438.000000
132864.000000
136459.000000
132500.000000
134479.000000
135157.000000
134011.000000
132187.000000
134635.000000
132135.000000
134479.000000
132552.000000
135781.000000
132552.000000
132917.000000
132135.000000
134479.000000
132396.000000
137448.000000
131406.000000
134115.000000
152552.000000
137395.000000
132344.000000
133854.000000
131563.000000
134063.000000
131667.000000
134375.000000
133021.000000
133073.000000
131719.000000
135885.000000
132813.000000
133281.000000
132083.000000
133698.000000
131928.000000
136666.000000
132084.000000
133802.000000
132500.000000
134635.000000
132448.000000
133958.000000
131406.000000
134636.000000
130468.000000
133021.000000
131354.000000
133073.000000
132344.000000
134479.000000
132708.000000
135625.000000
132813.000000
212447.000000
133698.000000
133646.000000
131719.000000
133958.000000
135156.000000
133906.000000
132708.000000
133646.000000
131615.000000
134480.000000
132396.000000
133178.000000
132396.000000
135156.000000
134531.000000
135260.000000
132604.000000
134062.000000
132604.000000
135157.000000
131927.000000
136927.000000
132292.000000
133646.000000
132448.000000
135208.000000
132552.000000
133646.000000
132240.000000
150105.000000
133489.000000
133437.000000
132761.000000
134843.000000
131979.000000
135417.000000
132917.000000
133437.000000
132813.000000
134114.000000
133854.000000
134166.000000
132604.000000
133437.000000
132083.000000
135834.000000
133750.000000
133698.000000
132291.000000
133438.000000
165937.000000
168750.000000
133281.000000
133802.000000
134219.000000
136354.000000
132135.000000
133906.000000
132604.000000
133334.000000
131719.000000
218645.000000
135989.000000
133438.000000
157656.000000
136458.000000
131406.000000
133073.000000
131667.000000
132500.000000
131458.000000
133490.000000
131406.000000
132761.000000
131250.000000
134948.000000
131562.000000
134219.000000
133958.000000
136041.000000
131250.000000
136458.000000
131927.000000
133177.000000
131406.000000
134947.000000
131771.000000
132917.000000
131875.000000
133490.000000
131458.000000
134167.000000
131562.000000
133437.000000
131406.000000
137135.000000
131615.000000
134792.000000
132135.000000
133334.000000
132135.000000
133750.000000
131511.000000
133334.000000
132031.000000
134636.000000
131041.000000
133594.000000
131979.000000
132865.000000
131718.000000
134791.000000
131666.000000
133802.000000
132448.000000
134844.000000
131667.000000
133542.000000
131927.000000
133437.000000
131823.000000
132865.000000
209479.000000
134948.000000
131354.000000
135469.000000
132240.000000
135521.000000
133698.000000
133750.000000
132448.000000
133646.000000
131614.000000
132969.000000
132136.000000
134323.000000
131406.000000
132864.000000
132240.000000
133021.000000
132032.000000
134114.000000
131875.000000
134687.000000
134219.000000
134739.000000
132135.000000
133229.000000
131406.000000
133490.000000
131510.000000
132761.000000
131562.000000
133594.000000
131250.000000
134688.000000
132240.000000
133542.000000
131146.000000
132448.000000
155312.000000
153177.000000
150469.000000
152240.000000
151250.000000
154270.000000
150104.000000
151927.000000
150468.000000
151198.000000
150885.000000
152083.000000
151354.000000
152864.000000
149948.000000
154011.000000
151302.000000
155208.000000
149844.000000
152656.000000
150416.000000
152709.000000
150937.000000
234636.000000
150677.000000
155834.000000
151355.000000
152188.000000
151459.000000
152344.000000
150521.000000
62084.000000
52291.000000
55000.000000
52813.000000
55416.000000
52448.000000
54062.000000
53334.000000
54739.000000
51979.000000
54479.000000
52604.000000
54323.000000
52708.000000
55885.000000
52605.000000
54375.000000
52709.000000
54948.000000
53072.000000
54427.000000
52657.000000
54010.000000
52500.000000
55260.000000
52396.000000
53437.000000
52552.000000
54010.000000
51980.000000
53333.000000
51615.000000
53802.000000
52448.000000
54583.000000
52084.000000
54323.000000
51979.000000
53438.000000
52188.000000
53802.000000
51771.000000
53541.000000
52239.000000
55000.000000
52135.000000
53229.000000
51614.000000
53438.000000
51979.000000
53490.000000
52240.000000
53594.000000
125469.000000
55886.000000
52604.000000
54010.000000
52187.000000
53854.000000
51875.000000
53385.000000
51979.000000
53958.000000
51666.000000
55104.000000
51771.000000
61615.000000
60000.000000
61719.000000
59219.000000
61197.000000
59687.000000
61094.000000
59323.000000
62552.000000
59688.000000
61302.000000
59219.000000
61355.000000
59115.000000
61354.000000
59739.000000
61406.000000
59896.000000
63281.000000
60261.000000
61094.000000
59635.000000
61302.000000
59323.000000
61093.000000
58750.000000
60833.000000
59584.000000
62917.000000
59427.000000
61354.000000
59739.000000
204635.000000
53073.000000
54167.000000
52083.000000
53854.000000
52917.000000
55000.000000
52291.000000
53593.000000
52864.000000
54115.000000
52135.000000
53594.000000
52604.000000
53385.000000
52396.000000
139063.000000
53594.000000
53645.000000
52083.000000
53698.000000
52709.000000
53698.000000
52084.000000
53646.000000
51927.000000
54948.000000
51823.000000
53750.000000
52135.000000
53750.000000
51823.000000
53542.000000
52084.000000
53594.000000
52240.000000
54844.000000
51979.000000
53489.000000
51979.000000
53542.000000
52344.000000
54219.000000
51927.000000
53489.000000
51667.000000
55521.000000
51979.000000
53541.000000
51823.000000
53229.000000
51823.000000
54166.000000
52187.000000
53750.000000
52709.000000
55938.000000
52448.000000
54114.000000
52240.000000
53750.000000
52344.000000
53646.000000
52291.000000
53906.000000
51980.000000
64531.000000
60834.000000
62083.000000
62031.000000
62187.000000
61406.000000
61198.000000
59531.000000
63542.000000
60677.000000
63802.000000
217344.000000
153646.000000
151719.000000
152396.000000
151146.000000
152812.000000
150989.000000
152500.000000
150104.000000
154479.000000
150781.000000
155417.000000
149895.000000
152084.000000
149896.000000
151614.000000
150261.000000
152187.000000
149948.000000
154166.000000
60364.000000
54323.000000
52917.000000
54948.000000
52708.000000
54271.000000
52708.000000
54792.000000
52552.000000
55781.000000
52552.000000
54427.000000
52500.000000
54062.000000
52760.000000
54479.000000
53438.000000
54219.000000
52761.000000
55781.000000
52656.000000
54375.000000
52604.000000
54740.000000
52344.000000
54114.000000
52291.000000
53958.000000
52812.000000
55156.000000
52761.000000
54062.000000
52032.000000
53906.000000
52656.000000
54167.000000
52864.000000
54166.000000
52917.000000
55781.000000
52552.000000
125469.000000
53958.000000
54948.000000
52968.000000
54531.000000
52708.000000
54427.000000
52864.000000
55990.000000
52344.000000
53854.000000
52396.000000
53698.000000
53333.000000
54115.000000
52552.000000
53959.000000
52552.000000
55365.000000
58594.000000
54010.000000
