71979.000000
29583.000000
25625.000000
234375.000000
121927.000000
120208.000000
118855.000000
115625.000000
115781.000000
115052.000000
114636.000000
117291.000000
115469.000000
116719.000000
116302.000000
128125.000000
126354.000000
125209.000000
142084.000000
139948.000000
139584.000000
143646.000000
140625.000000
141511.000000
141406.000000
140834.000000
145104.000000
146719.000000
147656.000000
143594.000000
143958.000000
145260.000000
144427.000000
146042.000000
145937.000000
145781.000000
146719.000000
147344.000000
144740.000000
145885.000000
147552.000000
146823.000000
145260.000000
147032.000000
146302.000000
145782.000000
145677.000000
146823.000000
146510.000000
137761.000000
139271.000000
156719.000000
158282.000000
159896.000000
155938.000000
155990.000000
157708.000000
157604.000000
157448.000000
157604.000000
157969.000000
158229.000000
157396.000000
159219.000000
293802.000000
160937.000000
158698.000000
158594.000000
157865.000000
159375.000000
157187.000000
157864.000000
156250.000000
161615.000000
156615.000000
157084.000000
156875.000000
156041.000000
156250.000000
156198.000000
157031.000000
64740.000000
64844.000000
66250.000000
63854.000000
64115.000000
65417.000000
62969.000000
63281.000000
63073.000000
63385.000000
63542.000000
62864.000000
64583.000000
63125.000000
63906.000000
63073.000000
63281.000000
62552.000000
63489.000000
63542.000000
63021.000000
63437.000000
65052.000000
62969.000000
63750.000000
63802.000000
63229.000000
63386.000000
63229.000000
63125.000000
62656.000000
62864.000000
65208.000000
62865.000000
63750.000000
63020.000000
62500.000000
63334.000000
63698.000000
62552.000000
63541.000000
62969.000000
64583.000000
62656.000000
62865.000000
155260.000000
64948.000000
63437.000000
62656.000000
63541.000000
63229.000000
63229.000000
65260.000000
63802.000000
63333.000000
63750.000000
62656.000000
62708.000000
62239.000000
62500.000000
63073.000000
62812.000000
64532.000000
62812.000000
63125.000000
63125.000000
89427.000000
63386.000000
63073.000000
62812.000000
62500.000000
63073.000000
64635.000000
62084.000000
62604.000000
62448.000000
62865.000000
63437.000000
62500.000000
62865.000000
62865.000000
62761.000000
67344.000000
63438.000000
62760.000000
62604.000000
62396.000000
64063.000000
63125.000000
62604.000000
63334.000000
62447.000000
66823.000000
63177.000000
62708.000000
62709.000000
62865.000000
63750.000000
62916.000000
62917.000000
62812.000000
63021.000000
66250.000000
62709.000000
62917.000000
62396.000000
149323.000000
66458.000000
63229.000000
62604.000000
62812.000000
62761.000000
66406.000000
63125.000000
63489.000000
62239.000000
63073.000000
64010.000000
63281.000000
62917.000000
61823.000000
62760.000000
66198.000000
63646.000000
62448.000000
63229.000000
62552.000000
63698.000000
63021.000000
154896.000000
153750.000000
152865.000000
159480.000000
153594.000000
153542.000000
153646.000000
152761.000000
157604.000000
154427.000000
153646.000000
153386.000000
153177.000000
159219.000000
156406.000000
153854.000000
154271.000000
153854.000000
184375.000000
153958.000000
154792.000000
153855.000000
152604.000000
160000.000000
153855.000000
153385.000000
153854.000000
153438.000000
156979.000000
154219.000000
155990.000000
184584.000000
154323.000000
157812.000000
154531.000000
153438.000000
152813.000000
153281.000000
246459.000000
155989.000000
153958.000000
153490.000000
153698.000000
158386.000000
154636.000000
153958.000000
153386.000000
153489.000000
158906.000000
154219.000000
153750.000000
154011.000000
153750.000000
158177.000000
154271.000000
154322.000000
154011.000000
272135.000000
154480.000000
153230.000000
153958.000000
153802.000000
155000.000000
156511.000000
153750.000000
155312.000000
159635.000000
155885.000000
154218.000000
153698.000000
154063.000000
153125.000000
155677.000000
155989.000000
153750.000000
153854.000000
153021.000000
158750.000000
154323.000000
153438.000000
152708.000000
153594.000000
161093.000000
158177.000000
153854.000000
153385.000000
153281.000000
156042.000000
153594.000000
153229.000000
153593.000000
153177.000000
160365.000000
156614.000000
153594.000000
154219.000000
153229.000000
156146.000000
154167.000000
223386.000000
158281.000000
154375.000000
155937.000000
156927.000000
154010.000000
153698.000000
153541.000000
154583.000000
154011.000000
153385.000000
153021.000000
153073.000000
184635.000000
155677.000000
153073.000000
152187.000000
152917.000000
159271.000000
153073.000000
155521.000000
152969.000000
154636.000000
158593.000000
155885.000000
154062.000000
182240.000000
154271.000000
156615.000000
153593.000000
153438.000000
153281.000000
153282.000000
156563.000000
156198.000000
154531.000000
164166.000000
155989.000000
157761.000000
154584.000000
155156.000000
153646.000000
153906.000000
156354.000000
155833.000000
153854.000000
153958.000000
154219.000000
156094.000000
154323.000000
153802.000000
153385.000000
153542.000000
155677.000000
157813.000000
156354.000000
155052.000000
153542.000000
156042.000000
155260.000000
153959.000000
238750.000000
156093.000000
157188.000000
156198.000000
153907.000000
154635.000000
154271.000000
157084.000000
154479.000000
153907.000000
156146.000000
155833.000000
158698.000000
156407.000000
154479.000000
153854.000000
153333.000000
156562.000000
154635.000000
154687.000000
153646.000000
153645.000000
156145.000000
156093.000000
153490.000000
154114.000000
154115.000000
156094.000000
156354.000000
154218.000000
155000.000000
273281.000000
155886.000000
189063.000000
155521.000000
154062.000000
154166.000000
158281.000000
156406.000000
154375.000000
154479.000000
154375.000000
156146.000000
156094.000000
153854.000000
154427.000000
157292.000000
156302.000000
155364.000000
153958.000000
155312.000000
153906.000000
155834.000000
155989.000000
154375.000000
153541.000000
153958.000000
158229.000000
154480.000000
153959.000000
154428.000000
352656.000000
158386.000000
158438.000000
156667.000000
153958.000000
157656.000000
154635.000000
153490.000000
154531.000000
154114.000000
156979.000000
153750.000000
156875.000000
153854.000000
153333.000000
157500.000000
153750.000000
153750.000000
154532.000000
154739.000000
156771.000000
156198.000000
157968.000000
154427.000000
153854.000000
157813.000000
154166.000000
153073.000000
153802.000000
154010.000000
156875.000000
154427.000000
155782.000000
153750.000000
154167.000000
156198.000000
154271.000000
157864.000000
153750.000000
156302.000000
156875.000000
154687.000000
156458.000000
154271.000000
154270.000000
158125.000000
153490.000000
153750.000000
153958.000000
153594.000000
159167.000000
154947.000000
155885.000000
184219.000000
154011.000000
158125.000000
157135.000000
156771.000000
153281.000000
153750.000000
156354.000000
236822.000000
157969.000000
153281.000000
154427.000000
156354.000000
155208.000000
154687.000000
153490.000000
153698.000000
157240.000000
153802.000000
155521.000000
153802.000000
155989.000000
157136.000000
155260.000000
154427.000000
154844.000000
154167.000000
156771.000000
154271.000000
155625.000000
153750.000000
152917.000000
156875.000000
154584.000000
154166.000000
153907.000000
153698.000000
157239.000000
156458.000000
158281.000000
154011.000000
157916.000000
156927.000000
154636.000000
155104.000000
153802.000000
153906.000000
158438.000000
155885.000000
155886.000000
153958.000000
153593.000000
156771.000000
154687.000000
153281.000000
153281.000000
155104.000000
159427.000000
154062.000000
155052.000000
154688.000000
153594.000000
157553.000000
154531.000000
152344.000000
154375.000000
154844.000000
155938.000000
154375.000000
155364.000000
237083.000000
155260.000000
157500.000000
154062.000000
156094.000000
155937.000000
261927.000000
156354.000000
154531.000000
155782.000000
153490.000000
76250.000000
66042.000000
66875.000000
68906.000000
63750.000000
67032.000000
64531.000000
63750.000000
65469.000000
64583.000000
65313.000000
67135.000000
64635.000000
63802.000000
65416.000000
66563.000000
63073.000000
64167.000000
66875.000000
64375.000000
63750.000000
65104.000000
64219.000000
63750.000000
64583.000000
65677.000000
65052.000000
64687.000000
64688.000000
63646.000000
76927.000000
65781.000000
67604.000000
65469.000000
64219.000000
65885.000000
64740.000000
61719.000000
63803.000000
65104.000000
67136.000000
63490.000000
64895.000000
65156.000000
63958.000000
65573.000000
64271.000000
62917.000000
63177.000000
67812.000000
144532.000000
64635.000000
68698.000000
64792.000000
63020.000000
67813.000000
64635.000000
63593.000000
67761.000000
65364.000000
64740.000000
64636.000000
64791.000000
63646.000000
64270.000000
68698.000000
64792.000000
64635.000000
64636.000000
63490.000000
65625.000000
65781.000000
63073.000000
63855.000000
66042.000000
66407.000000
63594.000000
64479.000000
63177.000000
63489.000000
67657.000000
85781.000000
63125.000000
64480.000000
62552.000000
68542.000000
64791.000000
64531.000000
63906.000000
66459.000000
65261.000000
63229.000000
64219.000000
66145.000000
63490.000000
65886.000000
66666.000000
63281.000000
66458.000000
64531.000000
64270.000000
63802.000000
64687.000000
64427.000000
63021.000000
67448.000000
64844.000000
63177.000000
64583.000000
64479.000000
64375.000000
148906.000000
67031.000000
63542.000000
65313.000000
66718.000000
63489.000000
63385.000000
67083.000000
66771.000000
65364.000000
64687.000000
63438.000000
63281.000000
66250.000000
65417.000000
63020.000000
65990.000000
62969.000000
66458.000000
66719.000000
64010.000000
63542.000000
66250.000000
64166.000000
66875.000000
66042.000000
64480.000000
63177.000000
64479.000000
65781.000000
63802.000000
64791.000000
64636.000000
63958.000000
68125.000000
64583.000000
63646.000000
63385.000000
66771.000000
65729.000000
63750.000000
66354.000000
64011.000000
63854.000000
66354.000000
66250.000000
63489.000000
66094.000000
66510.000000
63698.000000
64843.000000
63855.000000
65625.000000
66875.000000
65989.000000
63802.000000
62761.000000
66094.000000
66823.000000
63855.000000
64584.000000
150104.000000
64687.000000
64739.000000
66094.000000
65834.000000
62917.000000
65833.000000
65937.000000
62968.000000
62761.000000
64115.000000
63385.000000
63907.000000
67709.000000
63646.000000
64115.000000
64584.000000
65573.000000
63802.000000
64219.000000
65833.000000
62917.000000
64062.000000
65625.000000
66979.000000
62083.000000
65208.000000
63229.000000
64166.000000
64583.000000
64375.000000
63229.000000
66927.000000
66406.000000
67084.000000
65052.000000
65625.000000
64166.000000
63333.000000
64740.000000
65052.000000
63645.000000
67136.000000
66302.000000
66927.000000
63594.000000
64167.000000
64948.000000
63385.000000
63021.000000
65729.000000
64115.000000
64792.000000
65781.000000
64531.000000
62448.000000
64010.000000
66302.000000
63646.000000
63958.000000
64635.000000
152552.000000
66614.000000
65000.000000
65313.000000
63385.000000
63438.000000
65729.000000
65000.000000
63594.000000
64166.000000
95364.000000
64270.000000
65208.000000
63489.000000
63125.000000
63334.000000
66927.000000
64532.000000
62864.000000
64271.000000
63334.000000
63906.000000
67604.000000
64115.000000
63125.000000
63073.000000
66198.000000
63906.000000
64010.000000
66459.000000
63437.000000
64115.000000
66667.000000
63646.000000
63073.000000
64687.000000
67188.000000
63542.000000
64479.000000
64739.000000
63594.000000
67864.000000
66146.000000
63594.000000
64427.000000
66718.000000
63594.000000
65000.000000
66042.000000
63698.000000
64271.000000
65313.000000
65260.000000
159479.000000
159219.000000
159844.000000
162396.000000
157031.000000
63489.000000
64583.000000
65000.000000
161146.000000
69063.000000
66615.000000
63438.000000
63438.000000
66406.000000
64584.000000
63646.000000
66355.000000
64480.000000
67239.000000
67240.000000
64687.000000
63750.000000
64479.000000
68177.000000
63906.000000
63385.000000
65052.000000
63333.000000
66042.000000
66980.000000
63959.000000
63698.000000
66510.000000
67083.000000
63698.000000
64375.000000
64896.000000
63125.000000
64948.000000
67239.000000
63698.000000
66094.000000
68958.000000
64479.000000
65729.000000
64635.000000
64062.000000
64427.000000
64375.000000
65468.000000
63489.000000
66667.000000
65469.000000
64115.000000
64323.000000
64896.000000
63542.000000
66302.000000
67135.000000
65365.000000
63177.000000
69323.000000
65365.000000
63541.000000
65156.000000
63490.000000
63697.000000
64636.000000
65520.000000
136823.000000
68021.000000
64740.000000
65104.000000
64947.000000
65052.000000
63593.000000
64948.000000
66041.000000
63490.000000
65365.000000
64427.000000
63386.000000
64531.000000
65104.000000
63542.000000
63073.000000
63958.000000
64895.000000
63333.000000
68229.000000
63021.000000
63750.000000
65261.000000
64323.000000
63646.000000
64635.000000
65677.000000
65365.000000
64532.000000
67864.000000
63906.000000
65782.000000
64792.000000
63437.000000
64323.000000
65990.000000
62865.000000
63438.000000
65573.000000
65521.000000
65365.000000
63907.000000
64532.000000
66302.000000
64896.000000
63645.000000
63646.000000
66562.000000
62916.000000
65261.000000
64531.000000
63750.000000
64583.000000
127500.000000
98959.000000
63594.000000
63802.000000
65052.000000
63021.000000
63907.000000
160469.000000
63959.000000
64323.000000
64792.000000
63281.000000
63489.000000
66459.000000
64375.000000
65312.000000
66094.000000
63073.000000
62708.000000
65885.000000
64739.000000
63385.000000
65990.000000
64010.000000
64323.000000
66875.000000
