13021.000000
22136.000000
16875.000000
17760.000000
13021.000000
12761.000000
12813.000000
13177.000000
12812.000000
12605.000000
14427.000000
12917.000000
13907.000000
12604.000000
13073.000000
13021.000000
12552.000000
13386.000000
12552.000000
12500.000000
12760.000000
12656.000000
12500.000000
14479.000000
13698.000000
12813.000000
12656.000000
12812.000000
12552.000000
13177.000000
12865.000000
12657.000000
12396.000000
12657.000000
12709.000000
13073.000000
15104.000000
12864.000000
12552.000000
12448.000000
12709.000000
12448.000000
13125.000000
12760.000000
12552.000000
12760.000000
12812.000000
12447.000000
12500.000000
13333.000000
13698.000000
15312.000000
13646.000000
13958.000000
13958.000000
14843.000000
15469.000000
15521.000000
13333.000000
13282.000000
14010.000000
15365.000000
15157.000000
15782.000000
15312.000000
15469.000000
13490.000000
14740.000000
13854.000000
13490.000000
15469.000000
14948.000000
14844.000000
12812.000000
12604.000000
12708.000000
13490.000000
14010.000000
15937.000000
12865.000000
13229.000000
12552.000000
13073.000000
15261.000000
15625.000000
16406.000000
15157.000000
15573.000000
14896.000000
16614.000000
15104.000000
14062.000000
16458.000000
14896.000000
14115.000000
15365.000000
13906.000000
15729.000000
13854.000000
15781.000000
15312.000000
52032.000000
66406.000000
52969.000000
50208.000000
49896.000000
44792.000000
53021.000000
54480.000000
52136.000000
47552.000000
63333.000000
46615.000000
52500.000000
50000.000000
55000.000000
58073.000000
54843.000000
53750.000000
57552.000000
56198.000000
62396.000000
59896.000000
55677.000000
57500.000000
53073.000000
53125.000000
52864.000000
28021.000000
13229.000000
12708.000000
12500.000000
12553.000000
12552.000000
15365.000000
12343.000000
12605.000000
12552.000000
12708.000000
12500.000000
12864.000000
13073.000000
12500.000000
13490.000000
12448.000000
14635.000000
12552.000000
12500.000000
13698.000000
12604.000000
12552.000000
12396.000000
12657.000000
12500.000000
12605.000000
12448.000000
12500.000000
13020.000000
12500.000000
12448.000000
12552.000000
13021.000000
12553.000000
12448.000000
13021.000000
12500.000000
12292.000000
12500.000000
12448.000000
12448.000000
12552.000000
13021.000000
12396.000000
12343.000000
12917.000000
12604.000000
12500.000000
12500.000000
12448.000000
12552.000000
13333.000000
12448.000000
12760.000000
12812.000000
12604.000000
12448.000000
12552.000000
13229.000000
12604.000000
13541.000000
12448.000000
13490.000000
12396.000000
12448.000000
12344.000000
12552.000000
12292.000000
12396.000000
13854.000000
13594.000000
12604.000000
12553.000000
12760.000000
12760.000000
12448.000000
12448.000000
12448.000000
12344.000000
12500.000000
12500.000000
12812.000000
12552.000000
12448.000000
12500.000000
12396.000000
15053.000000
12604.000000
12344.000000
12448.000000
12604.000000
12343.000000
12552.000000
12552.000000
12500.000000
13750.000000
12396.000000
13645.000000
12396.000000
12344.000000
12395.000000
13177.000000
23385.000000
21563.000000
21354.000000
22708.000000
21198.000000
21406.000000
21302.000000
21562.000000
21354.000000
20990.000000
21354.000000
21042.000000
22969.000000
22187.000000
21823.000000
21146.000000
22031.000000
20990.000000
21093.000000
22031.000000
21354.000000
21302.000000
25625.000000
21250.000000
21562.000000
23229.000000
21145.000000
21041.000000
21302.000000
21042.000000
21041.000000
20990.000000
21563.000000
26093.000000
25365.000000
26354.000000
24844.000000
24635.000000
27292.000000
24427.000000
24427.000000
24219.000000
25312.000000
24375.000000
25000.000000
27813.000000
24584.000000
24636.000000
26563.000000
25781.000000
24427.000000
24219.000000
25364.000000
24375.000000
24323.000000
24375.000000
26615.000000
24740.000000
24792.000000
25729.000000
24688.000000
24740.000000
24531.000000
26771.000000
24636.000000
25260.000000
25990.000000
28437.000000
26042.000000
24896.000000
24687.000000
26198.000000
24688.000000
24739.000000
24531.000000
25573.000000
24583.000000
25417.000000
24583.000000
25729.000000
24740.000000
24427.000000
24896.000000
24635.000000
24479.000000
25625.000000
28073.000000
24896.000000
24791.000000
25000.000000
25625.000000
24896.000000
24584.000000
24844.000000
24427.000000
24635.000000
24531.000000
26823.000000
26510.000000
24688.000000
24792.000000
24635.000000
24740.000000
24739.000000
24427.000000
25364.000000
24792.000000
24740.000000
24271.000000
26302.000000
25521.000000
24531.000000
24948.000000
26771.000000
25364.000000
25156.000000
24583.000000
25833.000000
24636.000000
24948.000000
24532.000000
25677.000000
24791.000000
24479.000000
28802.000000
24635.000000
25208.000000
24740.000000
29739.000000
24740.000000
24740.000000
25000.000000
25156.000000
24531.000000
25833.000000
24791.000000
25781.000000
24896.000000
24636.000000
24583.000000
26250.000000
24844.000000
24531.000000
28229.000000
24740.000000
24948.000000
24687.000000
29739.000000
24636.000000
24792.000000
24583.000000
25937.000000
24688.000000
24896.000000
25781.000000
24635.000000
24792.000000
24583.000000
26042.000000
26198.000000
24531.000000
25208.000000
26615.000000
24792.000000
25729.000000
24948.000000
26563.000000
25729.000000
24583.000000
24636.000000
26562.000000
24531.000000
24531.000000
24688.000000
25469.000000
24479.000000
24635.000000
24792.000000
25782.000000
24636.000000
24688.000000
26719.000000
25000.000000
24688.000000
24532.000000
26771.000000
25105.000000
24843.000000
24844.000000
24792.000000
24792.000000
24687.000000
29427.000000
24636.000000
24531.000000
25052.000000
24896.000000
24791.000000
24635.000000
32291.000000
24636.000000
24427.000000
26406.000000
26406.000000
24791.000000
24844.000000
24532.000000
24428.000000
24323.000000
24584.000000
27083.000000
84479.000000
25885.000000
26406.000000
26667.000000
26302.000000
26355.000000
25625.000000
27291.000000
27604.000000
26406.000000
26771.000000
26094.000000
26093.000000
25729.000000
26094.000000
26354.000000
26250.000000
26198.000000
84791.000000
22552.000000
22448.000000
21406.000000
22552.000000
21406.000000
21823.000000
24011.000000
22969.000000
22708.000000
22812.000000
23958.000000
22969.000000
28281.000000
24687.000000
22760.000000
21771.000000
24479.000000
22344.000000
21719.000000
23646.000000
24115.000000
22448.000000
22813.000000
23646.000000
24010.000000
23698.000000
24531.000000
27083.000000
21823.000000
21718.000000
23334.000000
23125.000000
24583.000000
23386.000000
23021.000000
22865.000000
21927.000000
24115.000000
22864.000000
24428.000000
24896.000000
25261.000000
22500.000000
21770.000000
21459.000000
24427.000000
25677.000000
29635.000000
23802.000000
22552.000000
21510.000000
23906.000000
23698.000000
21771.000000
21771.000000
21562.000000
21875.000000
22031.000000
22865.000000
21406.000000
22031.000000
22812.000000
21719.000000
21563.000000
22032.000000
23437.000000
21927.000000
21614.000000
21927.000000
21927.000000
22083.000000
21980.000000
22708.000000
21614.000000
22135.000000
22916.000000
21719.000000
21823.000000
21822.000000
21563.000000
21875.000000
23385.000000
22969.000000
21719.000000
21719.000000
22813.000000
21406.000000
23177.000000
21875.000000
21354.000000
21510.000000
22032.000000
23958.000000
21510.000000
21927.000000
22448.000000
21927.000000
21823.000000
22448.000000
21823.000000
21875.000000
21458.000000
21823.000000
21615.000000
21667.000000
21927.000000
22813.000000
21459.000000
21875.000000
27135.000000
21563.000000
21927.000000
21823.000000
21823.000000
21875.000000
23385.000000
23073.000000
21511.000000
23698.000000
23177.000000
22136.000000
21823.000000
21875.000000
21718.000000
21667.000000
21718.000000
21875.000000
21875.000000
22083.000000
23021.000000
21771.000000
22135.000000
23386.000000
24063.000000
21666.000000
21719.000000
23073.000000
21927.000000
21875.000000
21667.000000
21614.000000
21667.000000
21875.000000
22865.000000
21355.000000
21511.000000
22760.000000
21354.000000
21615.000000
24271.000000
21562.000000
21875.000000
21719.000000
22761.000000
21562.000000
21823.000000
21771.000000
21771.000000
22031.000000
21979.000000
21719.000000
21771.000000
21719.000000
22605.000000
22292.000000
21614.000000
23854.000000
23125.000000
21719.000000
21718.000000
23385.000000
21719.000000
21979.000000
22187.000000
23281.000000
21511.000000
21875.000000
26458.000000
31667.000000
64323.000000
59479.000000
60573.000000
60834.000000
61354.000000
61615.000000
62969.000000
76979.000000
67760.000000
67032.000000
63177.000000
59739.000000
61511.000000
81094.000000
61980.000000
71250.000000
51615.000000
57292.000000
54063.000000
68959.000000
51458.000000
57395.000000
50677.000000
51771.000000
53281.000000
49635.000000
42136.000000
50104.000000
52500.000000
56615.000000
49740.000000
53906.000000
42604.000000
57292.000000
23906.000000
13229.000000
12968.000000
12968.000000
13646.000000
12916.000000
16823.000000
12708.000000
12917.000000
12917.000000
12657.000000
16146.000000
12917.000000
12917.000000
12917.000000
12917.000000
13021.000000
12917.000000
15625.000000
60416.000000
62136.000000
61146.000000
55417.000000
58958.000000
52188.000000
57865.000000
53020.000000
59479.000000
53854.000000
37083.000000
50573.000000
51511.000000
45989.000000
58854.000000
70521.000000
60938.000000
53802.000000
64688.000000
54531.000000
55157.000000
53230.000000
66198.000000
53021.000000
60677.000000
52865.000000
65521.000000
58385.000000
67761.000000
51563.000000
14167.000000
13698.000000
12709.000000
17292.000000
13125.000000
12709.000000
12865.000000
12968.000000
12813.000000
12708.000000
14792.000000
12657.000000
13386.000000
12864.000000
13698.000000
12396.000000
12969.000000
12761.000000
12552.000000
12708.000000
12604.000000
13490.000000
12865.000000
12709.000000
12448.000000
12761.000000
12760.000000
12708.000000
12448.000000
12969.000000
14688.000000
12916.000000
12969.000000
12865.000000
12761.000000
13542.000000
12760.000000
12969.000000
12865.000000
12708.000000
12708.000000
12968.000000
13333.000000
12968.000000
12709.000000
12917.000000
13177.000000
13490.000000
13021.000000
12916.000000
12917.000000
12864.000000
12917.000000
13229.000000
12917.000000
12812.000000
13021.000000
54167.000000
51563.000000
52344.000000
50469.000000
58073.000000
59688.000000
49219.000000
56511.000000
65104.000000
57604.000000
59532.000000
48802.000000
62708.000000
60573.000000
58854.000000
61197.000000
49584.000000
59687.000000
65573.000000
64532.000000
56302.000000
64740.000000
59011.000000
55469.000000
63281.000000
56615.000000
61250.000000
55053.000000
64427.000000
38698.000000
15573.000000
13073.000000
13177.000000
13437.000000
12865.000000
12708.000000
12917.000000
12917.000000
13073.000000
13021.000000
13541.000000
13281.000000
13073.000000
12917.000000
13073.000000
13542.000000
12969.000000
12865.000000
12761.000000
12917.000000
12969.000000
12969.000000
13802.000000
12864.000000
12968.000000
12917.000000
12865.000000
12917.000000
12917.000000
14271.000000
13021.000000
12917.000000
12916.000000
12968.000000
13855.000000
12812.000000
13021.000000
12969.000000
12813.000000
12917.000000
12968.000000
14480.000000
12864.000000
13125.000000
12864.000000
12865.000000
12969.000000
12656.000000
13282.000000
12969.000000
15104.000000
12864.000000
12916.000000
12969.000000
12917.000000
13490.000000
12969.000000
13021.000000
12864.000000
13125.000000
13489.000000
12916.000000
12865.000000
12969.000000
12812.000000
12968.000000
12916.000000
13594.000000
12968.000000
12709.000000
13594.000000
12813.000000
12917.000000
12917.000000
13594.000000
13177.000000
19271.000000
20417.000000
19531.000000
19218.000000
20105.000000
19219.000000
19219.000000
20834.000000
19167.000000
19271.000000
23021.000000
19166.000000
19063.000000
20208.000000
18646.000000
19011.000000
20052.000000
19219.000000
19167.000000
20468.000000
19323.000000
19167.000000
20417.000000
18698.000000
20000.000000
18907.000000
18855.000000
18854.000000
19270.000000
19219.000000
19063.000000
19062.000000
19063.000000
22239.000000
22864.000000
21980.000000
21302.000000
31302.000000
21667.000000
21979.000000
21875.000000
23802.000000
22083.000000
21979.000000
22448.000000
21198.000000
21302.000000
21823.000000
21511.000000
21146.000000
21614.000000
20990.000000
21354.000000
21250.000000
21250.000000
21354.000000
23073.000000
21198.000000
21302.000000
22917.000000
24584.000000
21302.000000
21198.000000
22083.000000
21146.000000
21146.000000
27917.000000
26354.000000
25625.000000
24479.000000
25312.000000
24740.000000
24271.000000
26511.000000
25781.000000
24166.000000
24375.000000
24531.000000
25886.000000
24740.000000
24636.000000
24791.000000
24479.000000
24532.000000
24531.000000
25625.000000
24427.000000
24479.000000
24740.000000
25886.000000
25365.000000
24688.000000
24948.000000
24584.000000
24791.000000
24583.000000
25885.000000
24896.000000
24635.000000
24948.000000
25729.000000
24844.000000
24635.000000
24479.000000
25521.000000
24740.000000
25313.000000
29687.000000
24583.000000
24740.000000
25625.000000
29740.000000
25261.000000
24844.000000
