94636.000000
100885.000000
100365.000000
97761.000000
98646.000000
97604.000000
97656.000000
96771.000000
96510.000000
101979.000000
107656.000000
101979.000000
105573.000000
101718.000000
101510.000000
103906.000000
99480.000000
100938.000000
105104.000000
90260.000000
88125.000000
87864.000000
90677.000000
117812.000000
87395.000000
99583.000000
127344.000000
189167.000000
187240.000000
185208.000000
190521.000000
172083.000000
110053.000000
89166.000000
147552.000000
120156.000000
116094.000000
109688.000000
101719.000000
106250.000000
105886.000000
91303.000000
104636.000000
87552.000000
103542.000000
112865.000000
94531.000000
90729.000000
102239.000000
97240.000000
333021.000000
97865.000000
89532.000000
139791.000000
136823.000000
80313.000000
79375.000000
84896.000000
142865.000000
134375.000000
134428.000000
63906.000000
27448.000000
26927.000000
27813.000000
26563.000000
26666.000000
30104.000000
28542.000000
28959.000000
29010.000000
267709.000000
29010.000000
28020.000000
27969.000000
27761.000000
27656.000000
28281.000000
27448.000000
27657.000000
221563.000000
29114.000000
28021.000000
28021.000000
234271.000000
237396.000000
29167.000000
28646.000000
27917.000000
27864.000000
27813.000000
27709.000000
27864.000000
28021.000000
27396.000000
27708.000000
28229.000000
27708.000000
27396.000000
27552.000000
27344.000000
27240.000000
32031.000000
27500.000000
27188.000000
27396.000000
27708.000000
27187.000000
27031.000000
26928.000000
27187.000000
26927.000000
196927.000000
32344.000000
30573.000000
31146.000000
28750.000000
28021.000000
27812.000000
28437.000000
31093.000000
256563.000000
28437.000000
28125.000000
27656.000000
28073.000000
28802.000000
28750.000000
28750.000000
28021.000000
28854.000000
28021.000000
28177.000000
28073.000000
27968.000000
28802.000000
28229.000000
28021.000000
30000.000000
29270.000000
27760.000000
27761.000000
28021.000000
27969.000000
253437.000000
29583.000000
28646.000000
28229.000000
28125.000000
28073.000000
27813.000000
28073.000000
27760.000000
27656.000000
27969.000000
28125.000000
28333.000000
29323.000000
269740.000000
29427.000000
28020.000000
28385.000000
27656.000000
27656.000000
28333.000000
28385.000000
28958.000000
29011.000000
30521.000000
27969.000000
28281.000000
29063.000000
27812.000000
27604.000000
28073.000000
27917.000000
27969.000000
28177.000000
28490.000000
27917.000000
28073.000000
27761.000000
27968.000000
27604.000000
28438.000000
28698.000000
27552.000000
256614.000000
29166.000000
28542.000000
29115.000000
28437.000000
30208.000000
58386.000000
28438.000000
28282.000000
27864.000000
28125.000000
251718.000000
28802.000000
28959.000000
29375.000000
27917.000000
27916.000000
28230.000000
27500.000000
28541.000000
29115.000000
27812.000000
28021.000000
28489.000000
253125.000000
28490.000000
27916.000000
28177.000000
27917.000000
28385.000000
27812.000000
28021.000000
27917.000000
28229.000000
237916.000000
29375.000000
30000.000000
27760.000000
27656.000000
27916.000000
27917.000000
27917.000000
27969.000000
28750.000000
27396.000000
27500.000000
27656.000000
27188.000000
206354.000000
28855.000000
29896.000000
28490.000000
27760.000000
27604.000000
28698.000000
28229.000000
28334.000000
28334.000000
277656.000000
29844.000000
28385.000000
28750.000000
28072.000000
27865.000000
275729.000000
29166.000000
27708.000000
28542.000000
28750.000000
28229.000000
28021.000000
28333.000000
27760.000000
27760.000000
27812.000000
249896.000000
28177.000000
28385.000000
27865.000000
27969.000000
27813.000000
247761.000000
28958.000000
28333.000000
28021.000000
27812.000000
28958.000000
27760.000000
27760.000000
28021.000000
27656.000000
28230.000000
28072.000000
30937.000000
126354.000000
56145.000000
65365.000000
121302.000000
120052.000000
115000.000000
117395.000000
123020.000000
116980.000000
117344.000000
115364.000000
118854.000000
116354.000000
177187.000000
119011.000000
114895.000000
148125.000000
116719.000000
117031.000000
116927.000000
116250.000000
115625.000000
118438.000000
119166.000000
119323.000000
57500.000000
64688.000000
60156.000000
57448.000000
56094.000000
54270.000000
52604.000000
58229.000000
49271.000000
50469.000000
51198.000000
48594.000000
49115.000000
48334.000000
51198.000000
50938.000000
52083.000000
50677.000000
49740.000000
50833.000000
50208.000000
49375.000000
50469.000000
47552.000000
49687.000000
48229.000000
48855.000000
47761.000000
48438.000000
52812.000000
51042.000000
49115.000000
47552.000000
52448.000000
51614.000000
51042.000000
50365.000000
49791.000000
51562.000000
53906.000000
54062.000000
50833.000000
50782.000000
50208.000000
50417.000000
50312.000000
58594.000000
52135.000000
49792.000000
50833.000000
50208.000000
49844.000000
50625.000000
58385.000000
50781.000000
51093.000000
49844.000000
49375.000000
54948.000000
49375.000000
49843.000000
52552.000000
53906.000000
51927.000000
52604.000000
50000.000000
47968.000000
48177.000000
48750.000000
48125.000000
51875.000000
48698.000000
48386.000000
50052.000000
48281.000000
47865.000000
47083.000000
47187.000000
48125.000000
48333.000000
49114.000000
47865.000000
452448.000000
50104.000000
48750.000000
51458.000000
47656.000000
47344.000000
47031.000000
47448.000000
374479.000000
50261.000000
428229.000000
49115.000000
47760.000000
48594.000000
47917.000000
423750.000000
48281.000000
47917.000000
51406.000000
47187.000000
48229.000000
47760.000000
47761.000000
48333.000000
47448.000000
585104.000000
55000.000000
48854.000000
47708.000000
451875.000000
49635.000000
51667.000000
49896.000000
48594.000000
47760.000000
47761.000000
49166.000000
48802.000000
48333.000000
48073.000000
47395.000000
46667.000000
48125.000000
47083.000000
47292.000000
46979.000000
381979.000000
48646.000000
48594.000000
47135.000000
47240.000000
47083.000000
47084.000000
47136.000000
47135.000000
47240.000000
49791.000000
48438.000000
47709.000000
47604.000000
47656.000000
46771.000000
48906.000000
47813.000000
48125.000000
48021.000000
48959.000000
47708.000000
47136.000000
45104.000000
49062.000000
47969.000000
48541.000000
50364.000000
47448.000000
49427.000000
48073.000000
47708.000000
47083.000000
47396.000000
47136.000000
47761.000000
47448.000000
48073.000000
47135.000000
48281.000000
52135.000000
51198.000000
53177.000000
50677.000000
50260.000000
53438.000000
50885.000000
50469.000000
53854.000000
51823.000000
51250.000000
51198.000000
50573.000000
103021.000000
48438.000000
49739.000000
49219.000000
51198.000000
54895.000000
102292.000000
47239.000000
106407.000000
50313.000000
52448.000000
49114.000000
55312.000000
48073.000000
52396.000000
49063.000000
49375.000000
47917.000000
50781.000000
115886.000000
111927.000000
94531.000000
83594.000000
104115.000000
84323.000000
92865.000000
81406.000000
91979.000000
92083.000000
80313.000000
80312.000000
84323.000000
80782.000000
81719.000000
80833.000000
79687.000000
81719.000000
142968.000000
93802.000000
93750.000000
100208.000000
107604.000000
80313.000000
89166.000000
92135.000000
80781.000000
81719.000000
84896.000000
93802.000000
81354.000000
92500.000000
123073.000000
82395.000000
80937.000000
84010.000000
90730.000000
82396.000000
91770.000000
79896.000000
80312.000000
89896.000000
91771.000000
92865.000000
49219.000000
50834.000000
46562.000000
47500.000000
51250.000000
49427.000000
48489.000000
50729.000000
50052.000000
49323.000000
50364.000000
46927.000000
51093.000000
51146.000000
49739.000000
48437.000000
48542.000000
51146.000000
47916.000000
50625.000000
49063.000000
50052.000000
47448.000000
50625.000000
47969.000000
49531.000000
50469.000000
49375.000000
48802.000000
49428.000000
48438.000000
51094.000000
52552.000000
45886.000000
45000.000000
44739.000000
45208.000000
45938.000000
45000.000000
44531.000000
48802.000000
48646.000000
55000.000000
48541.000000
47917.000000
47968.000000
47344.000000
47657.000000
48437.000000
47969.000000
47760.000000
47292.000000
47187.000000
47240.000000
46875.000000
50364.000000
64687.000000
49531.000000
52448.000000
49687.000000
48177.000000
47604.000000
47240.000000
48177.000000
48125.000000
46979.000000
47656.000000
48959.000000
47552.000000
48021.000000
48594.000000
48437.000000
47396.000000
47553.000000
49844.000000
47708.000000
46823.000000
47916.000000
47552.000000
47448.000000
47708.000000
60886.000000
49635.000000
52083.000000
48021.000000
48489.000000
108803.000000
46615.000000
45260.000000
44792.000000
45105.000000
45990.000000
44896.000000
100000.000000
47292.000000
44688.000000
45989.000000
45313.000000
49948.000000
44375.000000
45312.000000
44427.000000
44114.000000
100052.000000
103437.000000
100468.000000
152865.000000
50625.000000
49480.000000
50260.000000
55729.000000
50469.000000
50416.000000
52709.000000
47916.000000
51563.000000
51198.000000
50000.000000
51875.000000
50000.000000
49688.000000
49896.000000
50156.000000
50989.000000
49791.000000
49896.000000
50833.000000
56198.000000
49896.000000
49739.000000
50625.000000
44740.000000
51094.000000
47187.000000
52292.000000
51406.000000
50000.000000
49740.000000
49635.000000
50989.000000
50052.000000
50521.000000
49583.000000
48802.000000
51770.000000
51041.000000
49271.000000
49375.000000
49114.000000
48802.000000
52917.000000
48958.000000
49011.000000
50521.000000
49427.000000
50625.000000
47500.000000
48750.000000
49896.000000
50313.000000
46875.000000
46823.000000
46355.000000
46042.000000
47395.000000
51823.000000
51771.000000
54740.000000
50781.000000
47500.000000
50104.000000
50000.000000
49479.000000
48541.000000
46927.000000
50521.000000
50937.000000
49115.000000
50990.000000
51719.000000
50990.000000
51145.000000
49531.000000
50365.000000
49792.000000
49271.000000
48177.000000
51094.000000
51042.000000
52240.000000
52188.000000
50417.000000
47344.000000
46771.000000
45781.000000
49635.000000
50312.000000
49688.000000
51042.000000
49688.000000
50729.000000
50052.000000
50521.000000
49480.000000
62864.000000
109635.000000
117448.000000
110572.000000
111198.000000
109427.000000
120521.000000
128542.000000
111458.000000
161615.000000
105521.000000
109063.000000
101250.000000
104583.000000
109792.000000
104844.000000
102864.000000
99896.000000
80104.000000
90886.000000
93385.000000
81407.000000
87135.000000
81146.000000
94115.000000
87552.000000
84531.000000
76510.000000
101666.000000
82917.000000
91875.000000
85625.000000
88021.000000
85781.000000
80834.000000
78907.000000
80729.000000
83542.000000
82864.000000
78334.000000
89895.000000
96250.000000
76094.000000
89531.000000
79010.000000
87761.000000
84635.000000
108750.000000
92552.000000
104427.000000
113803.000000
85313.000000
84584.000000
79948.000000
138698.000000
85886.000000
82605.000000
88229.000000
82604.000000
100729.000000
85104.000000
87760.000000
88125.000000
78125.000000
87187.000000
90365.000000
90052.000000
95990.000000
79010.000000
85729.000000
89480.000000
83802.000000
91927.000000
94427.000000
83958.000000
93907.000000
86354.000000
104531.000000
101198.000000
89896.000000
93593.000000
94531.000000
105573.000000
138437.000000
94427.000000
95521.000000
91302.000000
75417.000000
94739.000000
105990.000000
109948.000000
109271.000000
102344.000000
85104.000000
85469.000000
89687.000000
92187.000000
83438.000000
86823.000000
99062.000000
105104.000000
104479.000000
92344.000000
93854.000000
80990.000000
93646.000000
93437.000000
84010.000000
89688.000000
97343.000000
90156.000000
104062.000000
95625.000000
90469.000000
90416.000000
109688.000000
102917.000000
95417.000000
95573.000000
92812.000000
86302.000000
95365.000000
89115.000000
91094.000000
85625.000000
106198.000000
92240.000000
94479.000000
79427.000000
90782.000000
76667.000000
89531.000000
88021.000000
91979.000000
88073.000000
93021.000000
108802.000000
98125.000000
92917.000000
79062.000000
83907.000000
106511.000000
85781.000000
89167.000000
90521.000000
96562.000000
88385.000000
81562.000000
95625.000000
102292.000000
97291.000000
91146.000000
95834.000000
93594.000000
103854.000000
82396.000000
86406.000000
134740.000000
85833.000000
103281.000000
95833.000000
101146.000000
95052.000000
81511.000000
87760.000000
87500.000000
103021.000000
101563.000000
100938.000000
108594.000000
104688.000000
98750.000000
107761.000000
81979.000000
107865.000000
101562.000000
110885.000000
98490.000000
105156.000000
96354.000000
112083.000000
105105.000000
102552.000000
89167.000000
104271.000000
88958.000000
74115.000000
92395.000000
103802.000000
138645.000000
114688.000000
104948.000000
105365.000000
88281.000000
100208.000000
89636.000000
75365.000000
90365.000000
85885.000000
94792.000000
93333.000000
91979.000000
87708.000000
92604.000000
85365.000000
89063.000000
83594.000000
80729.000000
105417.000000
108385.000000
103333.000000
104792.000000
90937.000000
101719.000000
88490.000000
89323.000000
86875.000000
82760.000000
92344.000000
87812.000000
99011.000000
86615.000000
102916.000000
103646.000000
105313.000000
94479.000000
86667.000000
97969.000000
91562.000000
89531.000000
90885.000000
83021.000000
82552.000000
91146.000000
87083.000000
96198.000000
85781.000000
96407.000000
92865.000000
85990.000000
99271.000000
112396.000000
106250.000000
95365.000000
109219.000000
90625.000000
