1238073.000000
1318489.000000
1183907.000000
1184011.000000
1643542.000000
1198020.000000
1183229.000000
1189739.000000
1183490.000000
1187813.000000
1181511.000000
1183594.000000
1182500.000000
1184115.000000
1212135.000000
1181979.000000
1191979.000000
1181094.000000
1190833.000000
1181198.000000
1187135.000000
1184844.000000
1182448.000000
1184635.000000
1193385.000000
1189010.000000
1180937.000000
1194895.000000
1181250.000000
1188385.000000
1183958.000000
1184635.000000
1185781.000000
1181614.000000
1207657.000000
1202240.000000
1207656.000000
1210364.000000
1208906.000000
1209323.000000
1208854.000000
1207760.000000
1306094.000000
1206979.000000
1204323.000000
1208490.000000
1204375.000000
1208542.000000
1208750.000000
1202292.000000
1206459.000000
1202135.000000
1204479.000000
1205261.000000
1206198.000000
1250364.000000
1202552.000000
1191979.000000
1182969.000000
1190000.000000
1204739.000000
1207291.000000
1202605.000000
1208750.000000
1209427.000000
1202865.000000
1207135.000000
1183594.000000
1191094.000000
1182292.000000
1206198.000000
1202760.000000
1203230.000000
1201979.000000
1196510.000000
1239167.000000
1201094.000000
1208854.000000
1198229.000000
1205313.000000
1207917.000000
1196407.000000
1202031.000000
1197708.000000
1204063.000000
1201875.000000
1241823.000000
1203698.000000
1202656.000000
1209219.000000
1197917.000000
1204010.000000
1221563.000000
1206197.000000
1199896.000000
1203438.000000
1203698.000000
1198541.000000
1203072.000000
1202500.000000
1201666.000000
1199218.000000
1206146.000000
1201406.000000
1202240.000000
1208386.000000
1198646.000000
1204219.000000
1198177.000000
1209010.000000
1199219.000000
1201302.000000
1233854.000000
1204531.000000
1204948.000000
1198958.000000
1218229.000000
1198646.000000
1204114.000000
1199427.000000
1201458.000000
1201303.000000
1197656.000000
1203489.000000
1199427.000000
1205990.000000
1198594.000000
1202865.000000
1219167.000000
2272448.000000
1188750.000000
1323593.000000
1465260.000000
1456198.000000
1454323.000000
1464583.000000
1459115.000000
1458854.000000
1459063.000000
1458437.000000
1456407.000000
1492084.000000
1496250.000000
1492760.000000
1501770.000000
1496771.000000
1494896.000000
1493594.000000
1495990.000000
1500469.000000
1506719.000000
1567448.000000
1493541.000000
1492916.000000
1501511.000000
1492552.000000
1495938.000000
1537136.000000
1498489.000000
1498333.000000
1498593.000000
1496719.000000
1497812.000000
1534948.000000
1496980.000000
1495104.000000
1496042.000000
1526250.000000
1492864.000000
1551615.000000
1500677.000000
1494427.000000
1494792.000000
1561250.000000
1498698.000000
1498386.000000
1493177.000000
1497396.000000
1497084.000000
1497344.000000
1494427.000000
1500364.000000
1496875.000000
1499792.000000
1498073.000000
1498125.000000
1496511.000000
1491458.000000
1495468.000000
1497240.000000
1497448.000000
1494584.000000
1499010.000000
1497136.000000
1492969.000000
1494062.000000
1511511.000000
1462292.000000
1462812.000000
1615104.000000
1497708.000000
1501355.000000
1499584.000000
1582031.000000
1561302.000000
1571042.000000
1572656.000000
1554792.000000
1550729.000000
1745156.000000
1558385.000000
1559063.000000
1550313.000000
1554792.000000
1555364.000000
1552708.000000
1554115.000000
1710677.000000
1554271.000000
1553906.000000
1555313.000000
1547708.000000
1574948.000000
1568281.000000
1575365.000000
1578958.000000
1406355.000000
1407865.000000
1294010.000000
1296719.000000
1290573.000000
1293593.000000
1285833.000000
1289791.000000
1288750.000000
1289792.000000
1239896.000000
1197239.000000
1207292.000000
1198125.000000
1199375.000000
1197031.000000
1183489.000000
1180990.000000
1181146.000000
1206302.000000
1202031.000000
1202657.000000
1240104.000000
1203594.000000
1200521.000000
1218542.000000
1202136.000000
1201927.000000
1268489.000000
1293437.000000
1295312.000000
1289948.000000
1289896.000000
1289271.000000
1407760.000000
1296354.000000
1295052.000000
1291927.000000
1312187.000000
1288542.000000
1296302.000000
1293333.000000
1285313.000000
1296458.000000
1296145.000000
1299479.000000
1295938.000000
1298177.000000
1301198.000000
1305052.000000
1299167.000000
1334271.000000
1296198.000000
1294323.000000
1297031.000000
1288750.000000
1290573.000000
1449219.000000
1299636.000000
1295937.000000
1297552.000000
1291823.000000
1291771.000000
1290990.000000
1289584.000000
1293646.000000
1292500.000000
1293906.000000
1294323.000000
1290209.000000
1298386.000000
1295468.000000
1295729.000000
1293750.000000
1296823.000000
1293282.000000
1293177.000000
1404167.000000
1405469.000000
1296146.000000
1294063.000000
1294115.000000
1290937.000000
1327187.000000
1291614.000000
1295573.000000
1216042.000000
1201823.000000
1205000.000000
1202396.000000
1201823.000000
1201875.000000
1201875.000000
1202500.000000
1202188.000000
1202291.000000
1204011.000000
1200990.000000
1201771.000000
1201510.000000
1202656.000000
1203490.000000
1200625.000000
1202448.000000
1203698.000000
1202344.000000
1201510.000000
1201927.000000
1202656.000000
1224739.000000
1201302.000000
1200730.000000
1218021.000000
1203073.000000
1294583.000000
1207708.000000
1202031.000000
1202604.000000
1200364.000000
1202292.000000
1201459.000000
1234271.000000
1191198.000000
1179531.000000
1180781.000000
1212813.000000
1203021.000000
1201927.000000
1201042.000000
1202292.000000
1201146.000000
1201302.000000
1200468.000000
1208125.000000
1201562.000000
1200885.000000
1202396.000000
1200573.000000
1201354.000000
1201719.000000
1200937.000000
1201614.000000
1201198.000000
1202343.000000
1200469.000000
1198855.000000
1197447.000000
1195677.000000
1212969.000000
1195834.000000
1198386.000000
1196719.000000
1196979.000000
1229896.000000
1198646.000000
1198854.000000
1196667.000000
1197500.000000
1197917.000000
1196458.000000
1196458.000000
1197761.000000
1196771.000000
1195677.000000
1199115.000000
1233958.000000
1197657.000000
1197500.000000
1195261.000000
1196719.000000
1196667.000000
1226770.000000
1199010.000000
1196823.000000
1203073.000000
1195834.000000
1198021.000000
1197292.000000
1197656.000000
1197292.000000
1195521.000000
1195885.000000
1195625.000000
1195989.000000
1201927.000000
1197344.000000
1196406.000000
1199271.000000
1197396.000000
1195781.000000
1196563.000000
1196146.000000
1198281.000000
1196354.000000
1196354.000000
1197657.000000
1195417.000000
1200313.000000
1196666.000000
1195834.000000
1199740.000000
1195677.000000
1197396.000000
1195729.000000
1197760.000000
1198125.000000
1198959.000000
1196718.000000
1194479.000000
1230781.000000
1194896.000000
1192761.000000
1192083.000000
1253750.000000
1201927.000000
1200677.000000
1201927.000000
1200885.000000
1201875.000000
1201928.000000
1200468.000000
1200833.000000
1199063.000000
1226718.000000
1201407.000000
1202135.000000
1217448.000000
1201510.000000
1421302.000000
1444844.000000
1402344.000000
1399844.000000
1398906.000000
1400312.000000
1397916.000000
1399010.000000
1403281.000000
1400313.000000
1398021.000000
1398750.000000
1402344.000000
1396719.000000
1397760.000000
1398229.000000
1396927.000000
1399531.000000
1398073.000000
1397032.000000
1398073.000000
1421719.000000
1407083.000000
1400521.000000
1420886.000000
1455052.000000
1400729.000000
1397135.000000
1396770.000000
1399323.000000
1399375.000000
1397240.000000
1406146.000000
1459322.000000
1493907.000000
1487136.000000
1486250.000000
1491459.000000
1486875.000000
1489375.000000
1490937.000000
1488385.000000
1490469.000000
1487500.000000
1491562.000000
1488802.000000
1487083.000000
1485782.000000
1488646.000000
1488437.000000
1486510.000000
1487917.000000
1492552.000000
1512291.000000
1486771.000000
1483437.000000
1485417.000000
1540937.000000
1491041.000000
1489427.000000
1490208.000000
1489636.000000
1495417.000000
1492344.000000
1486615.000000
1508385.000000
1486562.000000
1484896.000000
1543021.000000
1494115.000000
1487292.000000
1488437.000000
1489479.000000
1494219.000000
1489062.000000
1489375.000000
1564062.000000
1487812.000000
1491042.000000
1489896.000000
1492657.000000
1486979.000000
1497239.000000
1487344.000000
1486771.000000
1487292.000000
1488698.000000
1491146.000000
1487500.000000
1485052.000000
1489375.000000
1492291.000000
1521459.000000
1489166.000000
1488959.000000
1489740.000000
1489323.000000
1487188.000000
1490416.000000
1495208.000000
1486927.000000
1485833.000000
1493959.000000
1488646.000000
1485000.000000
1491302.000000
1495625.000000
1491719.000000
1570312.000000
1565000.000000
1573750.000000
1599114.000000
1723073.000000
1701354.000000
1590781.000000
1563437.000000
1563645.000000
1566823.000000
1550260.000000
1563021.000000
1561562.000000
1567761.000000
1567187.000000
1560573.000000
1590208.000000
1567291.000000
1548333.000000
1563698.000000
1552864.000000
1569115.000000
1747500.000000
1302448.000000
1296198.000000
1293386.000000
1335208.000000
1285938.000000
1292968.000000
1291771.000000
1285677.000000
1287917.000000
1290000.000000
1307969.000000
1286927.000000
1199323.000000
1199375.000000
1197292.000000
1198646.000000
1197604.000000
1195834.000000
1199584.000000
1199011.000000
1197917.000000
1301094.000000
1198541.000000
1198021.000000
1231042.000000
1197500.000000
1197604.000000
1198907.000000
1197344.000000
1201458.000000
1197864.000000
1196458.000000
1196458.000000
1197083.000000
1196875.000000
1197083.000000
1196093.000000
1197240.000000
1196510.000000
1234531.000000
1199063.000000
1198593.000000
1200989.000000
1197969.000000
1197084.000000
1196458.000000
1200729.000000
1197708.000000
1204740.000000
1234843.000000
1299427.000000
1293541.000000
1290312.000000
1290469.000000
1291667.000000
1351145.000000
1297031.000000
1298906.000000
1318542.000000
1296146.000000
1295209.000000
1296875.000000
1289375.000000
1295156.000000
1296979.000000
1291667.000000
1295782.000000
1301823.000000
1445365.000000
1301875.000000
1303593.000000
1338542.000000
1296667.000000
1307968.000000
1307708.000000
1290156.000000
1302500.000000
1300313.000000
1257240.000000
1212552.000000
1205104.000000
1205781.000000
1205104.000000
1205677.000000
1211979.000000
1204739.000000
1206667.000000
1207084.000000
1208907.000000
1204792.000000
1204166.000000
1206875.000000
1205573.000000
1205208.000000
1204792.000000
1210521.000000
1301979.000000
1246667.000000
1207969.000000
1204687.000000
1210052.000000
1185833.000000
1185573.000000
1184948.000000
1230469.000000
1252396.000000
1233646.000000
1240469.000000
1252396.000000
1234740.000000
1236146.000000
1273698.000000
1249375.000000
1218959.000000
1231458.000000
1243802.000000
1216667.000000
1228282.000000
1227291.000000
1238020.000000
1232448.000000
1230885.000000
1231042.000000
1259218.000000
1218229.000000
1226823.000000
1234740.000000
1242813.000000
1220312.000000
1228333.000000
1252448.000000
1216823.000000
1198125.000000
1360573.000000
1401771.000000
1304635.000000
1260833.000000
1287604.000000
1320417.000000
1593594.000000
1320625.000000
1303125.000000
1353230.000000
1319531.000000
1282396.000000
1756562.000000
1292500.000000
1280156.000000
1326823.000000
1319739.000000
1282812.000000
1289427.000000
1306407.000000
1434531.000000
1292968.000000
1400573.000000
1300625.000000
1349896.000000
1315521.000000
1307760.000000
1274219.000000
1228750.000000
1209167.000000
1216562.000000
1209531.000000
1209011.000000
1216927.000000
1206406.000000
1212344.000000
1205312.000000
1210260.000000
1205625.000000
1209531.000000
1303021.000000
1205625.000000
1211146.000000
1215521.000000
1208594.000000
1205886.000000
1211354.000000
1207031.000000
1206042.000000
1208177.000000
1206980.000000
1211302.000000
1206719.000000
1218177.000000
1207969.000000
1207656.000000
1233073.000000
1207708.000000
1209063.000000
1222760.000000
1213281.000000
1206667.000000
1212136.000000
1195157.000000
1189896.000000
1188646.000000
1264792.000000
1212396.000000
1205990.000000
1215417.000000
1207083.000000
1210209.000000
1212917.000000
1208958.000000
1212604.000000
1205260.000000
1212813.000000
1237708.000000
1209739.000000
1208750.000000
1205885.000000
1212448.000000
1207343.000000
1217761.000000
1205885.000000
1223854.000000
1208333.000000
1205156.000000
1209740.000000
1205625.000000
1210625.000000
1205573.000000
1211459.000000
1304063.000000
1411042.000000
1415417.000000
1407448.000000
1407709.000000
1412344.000000
1409427.000000
1406980.000000
1409948.000000
1418386.000000
1417084.000000
1409479.000000
1404583.000000
1412240.000000
1407188.000000
1435469.000000
1461303.000000
1408073.000000
1430990.000000
1403698.000000
1416250.000000
1413386.000000
1410104.000000
1456718.000000
1412031.000000
1406354.000000
1408281.000000
1410104.000000
1412240.000000
1412083.000000
1424531.000000
1417864.000000
1406667.000000
1510416.000000
1505573.000000
1498959.000000
1502188.000000
1503489.000000
1514427.000000
1499844.000000
1503334.000000
1563854.000000
1509739.000000
1499166.000000
1539635.000000
1505416.000000
1501719.000000
1523489.000000
9337083.000000
1547865.000000
1584948.000000
1578177.000000
1581406.000000
1578959.000000
1576355.000000
1642813.000000
1580313.000000
1579427.000000
1624740.000000
1586511.000000
1736927.000000
1574479.000000
1579011.000000
1755052.000000
1303697.000000
1307865.000000
1310729.000000
1405885.000000
1412448.000000
1411927.000000
1407344.000000
1407708.000000
1403594.000000
1408854.000000
1414792.000000
1418646.000000
1408802.000000
1410313.000000
1418334.000000
1409688.000000
1405729.000000
1319167.000000
1307865.000000
1309115.000000
1312708.000000
1311666.000000
1309271.000000
1337240.000000
1309375.000000
1309635.000000
1309063.000000
1310521.000000
1309948.000000
1312292.000000
1308907.000000
1314896.000000
1308385.000000
1331979.000000
1404844.000000
1351614.000000
1314531.000000
1309948.000000
1309115.000000
1343542.000000
1309791.000000
1310834.000000
1309636.000000
1311458.000000
1309844.000000
1310313.000000
1309427.000000
1310521.000000
1310052.000000
1326406.000000
1309219.000000
1309948.000000
1308177.000000
1339583.000000
1399896.000000
1409323.000000
1404531.000000
1405730.000000
1413855.000000
1437813.000000
1401354.000000
1403854.000000
1412448.000000
1400990.000000
1406198.000000
1412760.000000
1398385.000000
1410156.000000
1405677.000000
1407864.000000
1410886.000000
1412136.000000
1405782.000000
1406823.000000
1398541.000000
1412292.000000
1406042.000000
1408906.000000
1449219.000000
1400365.000000
1408646.000000
1404636.000000
1399584.000000
1410677.000000
1308073.000000
1309688.000000
1308490.000000
1308750.000000
1329479.000000
1309948.000000
1310000.000000
1348177.000000
1311041.000000
1309219.000000
1309323.000000
1308750.000000
1310209.000000
1308282.000000
1306615.000000
1309166.000000
1307604.000000
1311302.000000
1309010.000000
1310468.000000
1310104.000000
1310260.000000
1308593.000000
1309010.000000
1308021.000000
1308854.000000
1307812.000000
1344896.000000
1310417.000000
1311615.000000
1312292.000000
1308489.000000
1308646.000000
1312031.000000
1311510.000000
1310000.000000
1307604.000000
1308178.000000
1307864.000000
1309114.000000
1309583.000000
